134,209
135,209
136,209
137,209
138,209
139,209
140,209
141,209
142,209
143,209
144,209
145,209
146,209
147,209
148,209
149,209
150,209
151,209
152,209
153,209
154,209
155,209
156,209
157,209
158,209
159,209
160,209
161,209
162,209
163,209
164,209
165,209
166,209
167,209
168,209
169,209
170,209
171,209
172,209
173,209
174,209
175,209
176,209
177,209
178,209
179,209
180,209
181,209
182,209
183,209
184,209
185,209
186,209
187,209
188,209
189,209
190,209
191,209
192,209
193,209
194,209
195,209
196,209
197,209
198,209
199,209
200,209
201,209
202,209
203,209
204,209
205,209
206,209
207,209
208,209
209,209
210,209
211,209
212,209
213,209
214,209
215,209
216,209
217,209
218,209
219,209
220,209
221,209
222,209
223,209
224,209
225,209
226,209
227,209
228,209
229,209
230,209
231,209
232,209
233,209
234,209
235,209
236,209
237,209
238,209
239,209
240,209
241,209
242,209
243,209
244,209
245,209
246,209
247,209
248,209
249,209
250,209
251,209
252,209
253,209
254,209
255,209
256,209
257,209
258,209
259,209
260,209
261,209
262,209
263,209
264,209
265,209
266,209
267,209
268,209
269,209
270,209
271,209
272,209
273,209
274,209
275,209
276,209
277,209
278,209
279,209
280,209
281,209
282,209
283,209
284,209
285,209
286,209
287,209
288,209
289,209
290,209
291,209
292,209
293,209
294,209
295,209
296,209
297,209
298,209
299,209
300,209
301,209
302,209
303,209
304,209
305,209
306,209
307,209
308,209
309,209
310,209
311,209
312,209
313,209
314,209
315,209
316,209
317,209
318,209
319,209
320,209
321,209
322,209
323,209
324,209
325,209
326,209
327,209
328,209
329,209
330,209
331,209
332,209
333,209
334,209
335,209
336,209
337,209
338,209
339,209
340,209
341,209
342,209
343,209
344,209
345,209
346,209
347,209
348,209
349,209
350,209
351,209
352,209
353,209
354,209
355,209
356,209
357,209
358,209
359,209
360,209
361,209
362,209
363,209
364,209
365,209
366,209
367,209
368,209
369,209
370,209
371,209
372,209
373,209
374,209
375,209
376,209
377,209
378,209
379,209
380,209
381,209
382,209
383,209
384,209
385,209
386,209
387,209
388,209
389,209
390,209
391,209
392,209
393,209
394,209
395,209
396,209
397,209
398,209
399,209
400,209
401,209
402,209
403,209
404,209
405,209
406,209
407,209
408,209
409,209
410,209
411,209
412,209
413,209
414,209
415,209
416,209
417,209
418,209
419,209
420,209
421,209
422,209
423,209
424,209
425,209
426,209
427,209
428,209
429,209
430,209
431,209
432,209
433,209
434,209
435,209
436,209
437,209
438,209
439,209
440,209
441,209
442,209
443,209
444,209
445,209
446,209
447,209
448,209
449,209
450,209
451,209
452,209
453,209
454,209
455,209
456,209
457,209
458,209
459,209
460,209
461,209
462,209
462,210
462,211
462,212
462,213
462,214
462,215
462,216
462,217
462,218
462,219
462,220
462,221
462,222
462,223
462,224
462,225
462,226
462,227
462,228
462,229
462,230
462,231
462,232
462,233
462,234
462,235
462,236
462,237
462,238
462,239
462,240
462,241
462,242
462,243
462,244
463,244
463,245
464,245
465,245
465,246
466,246
467,246
467,247
468,247
469,247
470,247
471,247
472,247
473,247
474,247
475,247
476,247
477,247
478,247
479,247
479,248
480,248
481,248
482,248
483,248
484,248
485,248
486,248
487,248
488,248
489,248
490,248
491,248
492,248
493,248
494,248
495,248
496,248
497,248
498,248
499,248
500,248
501,248
502,248
503,248
504,248
505,248
506,248
507,248
508,248
509,248
510,248
511,248
512,248
513,248
514,248
515,248
516,248
517,248
518,248
519,248
520,248
521,248
522,248
523,248
524,248
525,248
526,248
527,248
528,248
528,249
529,249
530,249
530,250
531,250
532,250
533,250
534,250
535,250
536,250
537,250
538,250
539,250
540,250
541,250
542,250
543,250
544,250
545,250
546,250
547,250
548,250
549,250
550,250
551,250
552,250
553,250
554,250
555,250
556,250
557,250
558,250
559,250
560,250
561,250
562,250
563,250
564,250
565,250
566,250
567,250
568,250
569,250
570,250
571,250
572,250
573,250
574,250
575,250
576,250
577,250
578,250
579,250
580,250
581,250
582,250
583,250
584,250
585,250
586,250
587,250
588,250
589,250
590,250
591,250
592,250
593,250
594,250
595,250
596,250
597,250
598,250
599,250
600,250
601,250
602,250
603,250
604,250
605,250
606,250
607,250
608,250
609,250
610,250
611,250
612,250
613,250
614,250
615,250
616,250
617,250
618,250
619,250
620,250
621,250
622,250
623,250
624,250
625,250
626,250
627,250
628,250
629,250
630,250
631,250
632,250
633,250
634,250
635,250
636,250
637,250
638,250
639,250
640,250
641,250
642,250
643,250
644,250
645,250
646,250
647,250
648,250
649,250
650,250
651,250
652,250
653,250
654,250
655,250
656,250
657,250
658,250
659,250
660,250
661,250
662,250
663,250
664,250
665,250
666,250
667,250
668,250
669,250
670,250
671,250
672,250
673,250
674,250
675,250
676,250
677,250
678,250
679,250
680,250
681,250
682,250
683,250
684,250
685,250
686,250
687,250
688,250
689,250
690,250
691,250
692,250
693,250
694,250
695,250
696,250
697,250
698,250
699,250
700,250
701,250
702,250
703,250
704,250
705,250
706,250
707,250
708,250
709,250
710,250
711,250
711,251
711,252
711,253
711,254
711,255
711,256
711,257
711,258
711,259
711,260
711,261
711,262
711,263
711,264
712,264
712,265
713,265
714,265
714,266
715,266
716,266
716,267
716,268
716,269
716,270
716,271
716,272
716,273
716,274
716,275
716,276
716,277
716,278
716,279
716,280
716,281
716,282
716,283
716,284
716,285
716,286
716,287
