1,449,655
1,450,655
1,451,655
1,452,655
1,453,655
1,454,655
1,455,655
1,456,655
1,457,655
1,458,655
1,459,655
1,460,655
1,461,655
1,462,655
1,463,655
1,464,655
1,465,655
1,466,655
1,467,655
1,468,655
1,469,655
1,470,655
1,471,655
1,472,655
1,473,655
1,474,655
1,475,655
1,476,655
1,477,655
1,478,655
1,479,655
1,480,655
1,481,655
1,482,655
1,483,655
1,484,655
1,485,655
1,486,655
1,487,655
1,488,655
1,489,655
1,490,655
1,491,655
1,492,655
1,493,655
1,494,655
1,495,655
1,496,655
1,497,655
1,498,655
1,499,655
1,500,655
1,501,655
1,502,655
1,503,655
1,504,655
1,505,655
1,506,655
1,507,655
1,508,655
1,509,655
1,510,655
1,511,655
1,512,655
1,513,655
1,514,655
1,515,655
1,516,655
1,517,655
1,518,655
1,519,655
1,520,655
1,521,655
1,522,655
1,523,655
1,524,655
1,525,655
1,526,655
1,527,655
1,528,655
1,529,655
1,530,655
1,531,655
1,532,655
1,533,655
1,534,655
1,535,655
1,536,655
1,537,655
1,538,655
1,539,655
1,540,655
1,541,655
1,542,655
1,543,655
1,544,655
1,545,655
1,546,655
1,547,655
1,547,656
1,547,657
1,547,658
1,547,659
1,547,660
1,547,661
1,547,662
1,547,663
1,547,664
1,547,665
1,547,666
1,547,667
1,547,668
1,547,669
1,547,670
1,547,671
1,547,672
1,547,673
1,547,674
1,547,675
1,547,676
1,547,677
1,547,678
1,547,679
1,547,680
1,547,681
1,547,682
1,547,683
1,547,684
1,547,685
1,547,686
1,547,687
1,547,688
1,547,689
1,547,690
1,547,691
1,547,692
1,547,693
1,547,694
1,547,695
1,547,696
1,547,697
1,547,698
1,547,699
1,547,700
1,547,701
1,547,702
1,547,703
1,547,704
1,547,705
1,547,706
1,547,707
1,547,708
1,547,709
1,547,710
1,547,711
1,547,712
1,547,713
1,547,714
1,547,715
1,547,716
1,547,717
1,547,718
1,547,719
1,547,720
1,547,721
1,547,722
1,547,723
1,547,724
1,547,725
1,547,726
1,547,727
1,547,728
1,547,729
1,547,730
1,547,731
1,547,732
1,547,733
1,547,734
1,547,735
1,547,736
1,547,737
1,547,738
1,547,739
1,547,740
1,547,741
1,547,742
1,547,743
1,547,744
1,547,745
1,547,746
1,547,747
1,547,748
1,547,749
1,547,750
1,547,751
1,548,751
1,548,752
1,548,753
1,549,753
1,549,754
1,550,754
1,551,754
1,552,754
1,552,755
1,553,755
1,554,755
1,555,755
1,556,755
1,557,755
1,558,755
1,559,755
1,560,755
1,561,755
1,562,755
1,563,755
1,564,755
1,565,755
1,566,755
1,567,755
1,568,755
1,569,755
1,570,755
1,571,755
1,572,755
1,573,755
1,574,755
1,575,755
1,576,755
1,577,755
1,578,755
1,579,755
1,580,755
1,581,755
1,582,755
1,583,755
1,584,755
1,585,755
1,586,755
1,587,755
1,588,755
1,589,755
1,590,755
1,591,755
1,592,755
1,593,755
1,594,755
1,595,755
1,596,755
1,597,755
1,598,755
1,599,755
1,600,755
1,601,755
1,602,755
1,603,755
1,604,755
1,605,755
1,606,755
1,607,755
1,608,755
1,609,755
1,610,755
1,611,755
1,612,755
1,613,755
1,614,755
1,615,755
1,616,755
1,617,755
1,618,755
1,619,755
1,620,755
1,621,755
1,622,755
1,623,755
1,624,755
1,625,755
1,626,755
1,627,755
1,628,755
1,629,755
1,630,755
1,631,755
1,632,755
1,633,755
1,634,755
1,635,755
1,636,755
1,637,755
1,638,755
1,639,755
1,640,755
1,641,755
1,642,755
1,643,755
1,644,755
1,645,755
1,646,755
1,647,755
1,648,755
1,649,755
1,650,755
1,651,755
1,652,755
1,653,755
1,654,755
1,655,755
1,656,755
1,657,755
1,657,756
1,657,757
1,657,758
1,657,759
1,657,760
1,657,761
1,657,762
1,658,762
1,658,763
1,658,764
1,659,764
1,660,764
1,661,764
1,661,765
1,662,765
1,663,765
1,664,765
1,665,765
1,666,765
1,667,765
1,668,765
1,669,765
1,670,765
1,671,765
1,672,765
1,673,765
1,674,765
1,675,765
1,676,765
1,677,765
1,678,765
1,679,765
1,680,765
1,681,765
1,682,765
1,683,765
1,684,765
1,685,765
1,686,765
1,687,765
1,688,765
1,689,765
1,690,765
1,691,765
1,692,765
1,693,765
1,694,765
1,695,765
1,696,765
1,697,765
1,698,765
1,699,765
1,700,765
1,701,765
1,702,765
1,703,765
1,704,765
1,705,765
1,706,765
1,707,765
1,708,765
1,709,765
1,710,765
1,711,765
1,712,765
1,713,765
1,714,765
1,715,765
1,716,765
1,717,765
1,718,765
1,719,765
1,720,765
1,721,765
1,722,765
1,723,765
1,724,765
1,725,765
1,726,765
1,727,765
1,728,765
1,729,765
1,730,765
1,731,765
1,732,765
1,733,765
1,734,765
1,735,765
1,736,765
1,737,765
1,738,765
1,739,765
1,740,765
1,741,765
1,742,765
1,743,765
1,744,765
1,745,765
1,746,765
1,747,765
1,748,765
1,749,765
1,750,765
1,751,765
1,752,765
1,753,765
1,754,765
1,755,765
1,756,765
1,757,765
1,758,765
1,759,765
1,760,765
1,761,765
1,762,765
1,763,765
1,764,765
1,765,765
1,766,765
1,767,765
1,768,765
1,769,765
1,770,765
1,771,765
1,772,765
1,773,765
1,774,765
1,775,765
1,776,765
1,777,765
1,778,765
1,779,765
1,780,765
1,781,765
1,782,765
1,783,765
1,784,765
1,785,765
1,786,765
1,787,765
1,788,765
1,789,765
1,790,765
1,791,765
1,792,765
1,793,765
1,794,765
1,795,765
1,796,765
1,797,765
1,798,765
1,799,765
1,800,765
1,801,765
1,802,765
1,803,765
1,804,765
1,805,765
1,806,765
1,806,766
1,807,766
1,807,767
1,807,768
1,808,768
1,809,768
1,810,768
1,810,769
1,811,769
1,812,769
1,813,769
1,814,769
1,815,769
1,816,769
1,817,769
1,818,769
1,819,769
1,820,769
1,821,769
1,822,769
1,823,769
1,824,769
1,825,769
1,826,769
1,827,769
1,828,769
1,829,769
1,830,769
1,831,769
1,832,769
1,833,769
1,834,769
1,835,769
1,836,769
1,837,769
1,838,769
1,839,769
1,840,769
1,841,769
1,842,769
1,843,769
1,844,769
1,845,769
1,846,769
1,847,769
1,848,769
1,849,769
1,850,769
1,851,769
1,852,769
1,853,769
1,854,769
1,855,769
1,856,769
1,857,769
1,858,769
1,859,769
1,860,769
1,861,769
1,862,769
1,863,769
1,864,769
1,865,769
1,866,769
1,867,769
1,868,769
1,869,769
1,870,769
1,871,769
1,872,769
1,873,769
1,874,769
1,875,769
1,876,769
1,877,769
1,878,769
1,879,769
1,880,769
1,881,769
1,882,769
1,883,769
1,884,769
1,885,769
1,886,769
1,887,769
1,888,769
1,889,769
1,890,769
1,891,769
1,892,769
1,893,769
1,894,769
1,895,769
1,896,769
1,897,769
1,898,769
1,899,769
1,900,769
1,901,769
1,902,769
1,903,769
1,904,769
1,905,769
1,906,769
1,907,769
1,908,769
1,909,769
1,910,769
1,911,769
1,912,769
1,913,769
1,914,769
1,915,769
1,916,769
1,917,769
1,918,769
1,919,769
1,920,769
1,921,769
1,922,769
1,923,769
1,924,769
1,925,769
1,926,769
1,927,769
1,928,769
1,929,769
1,930,769
1,931,769
1,932,769
1,933,769
1,934,769
1,935,769
1,936,769
1,937,769
1,938,769
1,939,769
1,940,769
1,941,769
1,942,769
1,943,769
1,944,769
1,945,769
1,946,769
1,947,769
1,948,769
1,949,769
1,950,769
1,951,769
1,952,769
1,953,769
1,954,769
1,955,769
1,956,769
1,957,769
1,958,769
1,959,769
1,960,769
1,961,769
1,962,769
1,963,769
1,964,769
1,965,769
1,966,769
1,967,769
1,968,769
1,969,769
1,970,769
1,971,769
1,972,769
1,973,769
1,974,769
1,975,769
1,976,769
1,977,769
1,978,769
1,979,769
1,980,769
1,981,769
1,982,769
1,983,769
1,984,769
1,985,769
1,986,769
1,987,769
1,988,769
1,989,769
1,990,769
1,991,769
1,992,769
1,993,769
1,994,769
1,995,769
1,996,769
1,997,769
1,998,769
1,999,769
1,1000,769
1,1001,769
1,1002,769
1,1003,769
1,1004,769
1,1005,769
1,1006,769
1,1007,769
1,1008,769
1,1009,769
1,1010,769
1,1011,769
1,1012,769
1,1013,769
1,1014,769
1,1015,769
1,1016,769
1,1017,769
1,1018,769
1,1019,769
1,1020,769
1,1021,769
1,1022,769
1,1023,769
1,1024,769
1,1025,769
1,1026,769
1,1027,769
1,1028,769
1,1029,769
1,1030,769
1,1031,769
1,1032,769
1,1033,769
1,1034,769
1,1035,769
1,1036,769
1,1037,769
1,1038,769
1,1039,769
1,1040,769
1,1041,769
1,1042,769
1,1043,769
1,1044,769
1,1045,769
1,1046,769
1,1047,769
1,1048,769
1,1049,769
1,1050,769
1,1051,769
1,1052,769
1,1053,769
1,1054,769
1,1055,769
1,1056,769
1,1057,769
1,1058,769
1,1059,769
1,1060,769
1,1061,769
1,1062,769
1,1063,769
1,1064,769
1,1065,769
1,1066,769
1,1067,769
1,1068,769
1,1069,769
1,1070,769
1,1071,769
1,1072,769
1,1073,769
1,1074,769
1,1075,769
1,1076,769
1,1077,769
1,1078,769
1,1079,769
1,1080,769
1,1081,769
1,1082,769
1,1083,769
1,1084,769
1,1085,769
1,1086,769
1,1087,769
1,1088,769
1,1089,769
1,1090,769
1,1091,769
1,1092,769
1,1093,769
1,1094,769
1,1095,769
1,1096,769
1,1097,769
1,1098,769
1,1099,769
1,1100,769
1,1101,769
1,1102,769
1,1103,769
1,1104,769
1,1105,769
1,1106,769
1,1107,769
1,1108,769
1,1109,769
1,1110,769
1,1111,769
1,1112,769
1,1113,769
1,1114,769
1,1115,769
1,1116,769
1,1117,769
1,1118,769
1,1119,769
1,1120,769
1,1121,769
1,1122,769
1,1123,769
1,1124,769
1,1125,769
1,1126,769
1,1127,769
1,1128,769
1,1129,769
1,1130,769
1,1131,769
1,1132,769
1,1133,769
1,1134,769
1,1135,769
1,1136,769
1,1137,769
1,1138,769
1,1139,769
1,1140,769
1,1141,769
1,1142,769
1,1143,769
1,1144,769
1,1145,769
1,1146,769
1,1147,769
1,1148,769
1,1149,769
1,1150,769
1,1151,769
1,1152,769
1,1153,769
1,1154,769
1,1155,769
1,1156,769
1,1157,769
1,1158,769
1,1159,769
1,1160,769
1,1161,769
1,1162,769
1,1163,769
1,1164,769
1,1165,769
1,1166,769
1,1167,769
1,1168,769
1,1169,769
1,1170,769
1,1171,769
1,1172,769
1,1173,769
1,1174,769
1,1175,769
1,1176,769
1,1177,769
1,1178,769
1,1179,769
1,1180,769
1,1181,769
1,1182,769
1,1183,769
1,1184,769
1,1185,769
1,1186,769
1,1187,769
1,1188,769
1,1189,769
1,1190,769
1,1191,769
1,1192,769
1,1193,769
1,1194,769
1,1195,769
1,1196,769
1,1197,769
1,1198,769
1,1199,769
1,1200,769
1,1201,769
1,1202,769
1,1203,769
1,1204,769
1,1205,769
1,1206,769
1,1207,769
1,1208,769
1,1209,769
1,1210,769
1,1211,769
1,1212,769
1,1213,769
1,1214,769
1,1215,769
1,1216,769
1,1217,769
1,1218,769
1,1219,769
1,1220,769
1,1221,769
1,1222,769
1,1223,769
1,1224,769
1,1225,769
1,1226,769
1,1227,769
1,1228,769
1,1229,769
1,1230,769
1,1231,769
1,1232,769
1,1233,769
1,1234,769
1,1235,769
1,1236,769
1,1237,769
1,1238,769
1,1239,769
1,1240,769
1,1241,769
1,1242,769
1,1243,769
1,1244,769
1,1245,769
1,1246,769
1,1247,769
1,1248,769
1,1249,769
1,1250,769
1,1251,769
1,1252,769
1,1253,769
1,1254,769
1,1255,769
1,1256,769
1,1257,769
1,1258,769
1,1259,769
1,1260,769
1,1261,769
1,1262,769
1,1263,769
1,1264,769
1,1265,769
1,1266,769
1,1267,769
1,1268,769
1,1269,769
1,1270,769
1,1271,769
1,1272,769
1,1273,769
1,1274,769
1,1275,769
1,1276,769
1,1277,769
1,1278,769
1,1279,769
1,1280,769
1,1281,769
1,1282,769
1,1283,769
1,1284,769
1,1285,769
1,1286,769
1,1287,769
1,1288,769
1,1289,769
1,1290,769
1,1291,769
1,1292,769
1,1293,769
1,1294,769
1,1295,769
1,1296,769
1,1297,769
1,1298,769
1,1299,769
1,1300,769
1,1301,769
1,1302,769
1,1303,769
1,1304,769
1,1305,769
1,1306,769
1,1307,769
1,1308,769
1,1309,769
1,1310,769
1,1311,769
1,1312,769
1,1313,769
1,1314,769
1,1315,769
1,1316,769
1,1317,769
1,1318,769
1,1319,769
1,1320,769
1,1321,769
1,1322,769
1,1323,769
1,1324,769
1,1325,769
1,1326,769
1,1327,769
1,1328,769
1,1329,769
1,1330,769
1,1331,769
1,1332,769
1,1333,769
1,1334,769
1,1335,769
1,1336,769
1,1337,769
1,1338,769
1,1339,769
1,1340,769
1,1341,769
1,1342,769
1,1343,769
1,1344,769
1,1345,769
1,1346,769
1,1347,769
1,1348,769
1,1349,769
1,1350,769
1,1351,769
1,1352,769
1,1353,769
1,1354,769
1,1355,769
1,1356,769
1,1357,769
1,1358,769
1,1359,769
1,1360,769
1,1361,769
1,1362,769
1,1363,769
1,1364,769
1,1365,769
1,1366,769
1,1367,769
1,1368,769
1,1369,769
1,1370,769
1,1371,769
1,1372,769
1,1373,769
1,1374,769
1,1375,769
1,1376,769
1,1377,769
1,1378,769
1,1379,769
1,1380,769
1,1381,769
1,1382,769
1,1383,769
1,1384,769
1,1385,769
1,1386,769
1,1386,770
1,1386,771
1,1386,772
1,1386,773
1,1386,774
1,1386,775
1,1386,776
1,1386,777
1,1386,778
1,1386,779
1,1386,780
1,1386,781
1,1386,782
1,1386,783
1,1386,784
1,1386,785
1,1386,786
1,1386,787
1,1386,788
1,1386,789
1,1386,790
1,1386,791
1,1386,792
1,1386,793
1,1386,794
1,1386,795
1,1386,796
1,1386,797
1,1386,798
1,1386,799
1,1386,800
1,1386,801
1,1386,802
1,1386,803
1,1386,804
1,1386,805
1,1386,806
1,1386,807
1,1386,808
1,1386,809
1,1386,810
1,1386,811
1,1386,812
1,1386,813
1,1386,814
1,1386,815
1,1386,816
1,1386,817
1,1386,818
1,1386,819
1,1386,820
1,1386,821
1,1386,822
1,1386,823
1,1386,824
1,1386,825
1,1386,826
1,1386,827
1,1386,828
1,1386,829
1,1386,830
1,1386,831
1,1386,832
1,1386,833
1,1386,834
1,1386,835
1,1386,836
1,1386,837
1,1386,838
1,1386,839
1,1386,840
1,1386,841
1,1386,842
1,1386,843
1,1386,844
1,1386,845
1,1386,846
1,1386,847
1,1386,848
1,1386,849
1,1386,850
1,1386,851
1,1386,852
1,1386,853
1,1386,854
1,1386,855
1,1386,856
1,1386,857
1,1386,858
1,1386,859
1,1386,860
1,1386,861
1,1386,862
1,1386,863
1,1386,864
1,1386,865
1,1386,866
1,1386,867
1,1386,868
1,1386,869
1,1386,870
1,1386,871
1,1386,872
1,1386,873
1,1386,874
1,1386,875
1,1386,876
1,1386,877
1,1386,878
1,1386,879
1,1386,880
1,1386,881
1,1386,882
1,1386,883
1,1386,884
1,1386,885
1,1386,886
1,1386,887
1,1386,888
1,1386,889
1,1386,890
1,1386,891
1,1386,892
1,1386,893
1,1386,894
1,1386,895
1,1386,896
1,1386,897
1,1386,898
1,1386,899
1,1386,900
1,1386,901
1,1386,902
1,1386,903
1,1386,904
1,1386,905
1,1386,906
1,1386,907
1,1386,908
1,1386,909
1,1386,910
1,1386,911
1,1386,912
1,1386,913
1,1386,914
1,1386,915
1,1386,916
1,1386,917
1,1386,918
1,1386,919
1,1386,920
1,1386,921
1,1386,922
1,1386,923
1,1386,924
1,1386,925
1,1386,926
1,1386,927
1,1386,928
1,1386,929
1,1386,930
1,1386,931
2,1361,973
3,1384,907
3,1385,907
3,1386,907
3,1387,907
3,1388,907
3,1389,907
3,1390,907
3,1391,907
3,1392,907
3,1393,907
3,1394,907
3,1395,907
3,1396,907
3,1397,907
3,1398,907
3,1399,907
3,1400,907
3,1401,907
3,1402,907
3,1403,907
3,1404,907
3,1405,907
3,1406,907
3,1407,907
3,1408,907
3,1409,907
3,1410,907
3,1411,907
3,1412,907
3,1413,907
3,1414,907
3,1415,907
3,1416,907
3,1417,907
3,1418,907
3,1419,907
3,1420,907
3,1421,907
3,1422,907
3,1423,907
3,1424,907
3,1425,907
3,1426,907
3,1427,907
3,1427,906
3,1427,905
3,1427,904
3,1427,903
3,1427,902
3,1427,901
3,1427,900
3,1427,899
3,1427,898
3,1427,897
3,1427,896
3,1427,895
3,1427,894
3,1427,893
3,1427,892
3,1427,891
3,1427,890
3,1427,889
3,1427,888
3,1427,887
3,1427,886
3,1427,885
3,1427,884
3,1427,883
3,1427,882
3,1427,881
3,1427,880
3,1427,879
3,1427,878
3,1427,877
3,1427,876
3,1427,875
3,1427,874
3,1427,873
3,1427,872
3,1427,871
3,1427,870
3,1427,869
3,1427,868
3,1427,867
3,1427,866
3,1427,865
3,1427,864
3,1427,863
3,1427,862
3,1427,861
3,1427,860
3,1427,859
3,1427,858
3,1427,857
3,1427,856
3,1427,855
3,1427,854
3,1427,853
3,1427,852
3,1427,851
3,1427,850
3,1427,849
3,1427,848
3,1427,847
3,1427,846
3,1427,845
3,1427,844
3,1427,843
3,1427,842
3,1427,841
3,1427,840
3,1427,839
3,1427,838
3,1427,837
3,1427,836
3,1427,835
3,1427,834
3,1427,833
3,1427,832
3,1427,831
3,1427,830
3,1427,829
3,1427,828
3,1427,827
3,1427,826
3,1427,825
3,1427,824
3,1427,823
3,1427,822
3,1427,821
3,1427,820
3,1427,819
3,1427,818
3,1427,817
3,1427,816
3,1427,815
3,1427,814
3,1427,813
3,1427,812
3,1427,811
3,1427,810
3,1427,809
3,1427,808
3,1427,807
3,1427,806
3,1427,805
3,1427,804
3,1427,803
3,1427,802
3,1427,801
3,1427,800
3,1427,799
3,1427,798
3,1427,797
3,1427,796
3,1427,795
3,1427,794
3,1427,793
3,1427,792
3,1427,791
3,1427,790
3,1427,789
3,1427,788
3,1427,787
3,1427,786
3,1428,786
3,1428,785
3,1428,784
3,1429,784
3,1430,784
3,1431,784
3,1431,783
3,1432,783
3,1433,783
3,1434,783
3,1435,783
3,1436,783
3,1437,783
3,1438,783
3,1439,783
3,1440,783
3,1441,783
3,1442,783
3,1443,783
3,1444,783
3,1445,783
3,1446,783
3,1447,783
3,1448,783
3,1449,783
3,1450,783
3,1451,783
3,1452,783
3,1453,783
3,1454,783
3,1455,783
3,1456,783
3,1457,783
3,1458,783
3,1459,783
3,1460,783
3,1461,783
3,1462,783
3,1463,783
3,1464,783
3,1465,783
3,1466,783
3,1467,783
3,1468,783
3,1469,783
3,1470,783
3,1471,783
3,1472,783
3,1473,783
3,1474,783
3,1475,783
3,1476,783
3,1477,783
3,1478,783
3,1479,783
3,1480,783
3,1481,783
3,1482,783
3,1483,783
3,1484,783
3,1485,783
3,1486,783
3,1487,783
3,1488,783
3,1489,783
3,1490,783
3,1491,783
3,1492,783
3,1493,783
3,1494,783
3,1495,783
3,1496,783
3,1497,783
3,1498,783
3,1499,783
3,1500,783
3,1501,783
3,1502,783
3,1503,783
3,1504,783
3,1505,783
3,1506,783
3,1507,783
3,1508,783
3,1509,783
3,1510,783
3,1511,783
3,1512,783
3,1513,783
3,1514,783
3,1515,783
3,1516,783
3,1517,783
3,1518,783
3,1519,783
3,1520,783
3,1521,783
3,1522,783
3,1523,783
3,1524,783
3,1525,783
3,1526,783
3,1527,783
3,1528,783
3,1529,783
3,1530,783
3,1531,783
3,1532,783
3,1533,783
3,1534,783
3,1535,783
3,1536,783
3,1537,783
3,1538,783
3,1539,783
3,1540,783
3,1541,783
3,1542,783
3,1543,783
3,1544,783
3,1545,783
3,1546,783
3,1546,782
3,1546,781
3,1546,780
3,1546,779
3,1546,778
3,1546,777
3,1546,776
3,1546,775
3,1546,774
3,1546,773
3,1546,772
3,1546,771
3,1546,770
3,1546,769
3,1546,768
3,1546,767
3,1546,766
3,1546,765
3,1546,764
3,1546,763
3,1546,762
3,1546,761
3,1546,760
3,1546,759
3,1546,758
3,1546,757
3,1546,756
3,1546,755
3,1546,754
3,1546,753
3,1546,752
3,1546,751
3,1546,750
3,1546,749
3,1546,748
3,1546,747
3,1546,746
3,1546,745
3,1546,744
3,1546,743
3,1546,742
3,1546,741
3,1546,740
3,1546,739
3,1546,738
3,1546,737
3,1546,736
3,1546,735
3,1546,734
3,1546,733
3,1546,732
3,1546,731
3,1546,730
3,1546,729
3,1546,728
3,1546,727
3,1546,726
3,1546,725
3,1546,724
3,1546,723
3,1546,722
3,1546,721
3,1546,720
3,1546,719
3,1546,718
3,1546,717
3,1546,716
3,1546,715
3,1546,714
3,1546,713
3,1546,712
3,1546,711
3,1546,710
3,1546,709
3,1546,708
3,1546,707
3,1546,706
3,1546,705
3,1546,704
3,1546,703
3,1546,702
3,1546,701
3,1546,700
3,1546,699
3,1546,698
3,1546,697
3,1546,696
3,1546,695
3,1546,694
3,1546,693
3,1546,692
3,1546,691
3,1546,690
3,1546,689
3,1546,688
3,1546,687
3,1546,686
3,1546,685
3,1546,684
3,1546,683
3,1546,682
3,1546,681
3,1546,680
3,1546,679
3,1546,678
3,1546,677
3,1546,676
3,1546,675
3,1546,674
3,1546,673
3,1546,672
3,1546,671
3,1546,670
3,1546,669
3,1546,668
3,1546,667
3,1546,666
3,1546,665
3,1546,664
3,1546,663
3,1546,662
3,1546,661
3,1546,660
3,1546,659
3,1546,658
3,1546,657
3,1546,656
3,1546,655
3,1546,654
3,1546,653
3,1546,652
3,1546,651
3,1546,650
3,1546,649
3,1546,648
3,1546,647
3,1546,646
3,1546,645
3,1546,644
3,1546,643
3,1546,642
3,1546,641
3,1546,640
3,1546,639
3,1546,638
3,1546,637
3,1546,636
3,1546,635
3,1546,634
3,1546,633
3,1546,632
3,1546,631
3,1546,630
3,1546,629
3,1546,628
3,1546,627
3,1546,626
3,1546,625
3,1546,624
3,1546,623
3,1546,622
3,1546,621
3,1546,620
