134,209
135,209
136,209
137,209
138,209
139,209
140,209
141,209
142,209
143,209
144,209
145,209
146,209
147,209
148,209
149,209
150,209
151,209
152,209
153,209
154,209
155,209
156,209
157,209
158,209
159,209
160,209
161,209
162,209
163,209
164,209
165,209
166,209
167,209
168,209
169,209
170,209
171,209
172,209
173,209
174,209
175,209
176,209
177,209
178,209
179,209
180,209
181,209
182,209
183,209
184,209
185,209
186,209
187,209
188,209
189,209
190,209
191,209
192,209
193,209
194,209
195,209
196,209
197,209
198,209
199,209
200,209
201,209
202,209
203,209
204,209
205,209
206,209
207,209
208,209
209,209
210,209
211,209
212,209
213,209
214,209
215,209
216,209
217,209
218,209
219,209
220,209
221,209
222,209
223,209
224,209
225,209
226,209
227,209
228,209
229,209
230,209
231,209
232,209
233,209
234,209
235,209
236,209
237,209
238,209
239,209
240,209
241,209
242,209
243,209
244,209
245,209
246,209
247,209
248,209
249,209
250,209
251,209
252,209
253,209
254,209
255,209
256,209
257,209
258,209
259,209
260,209
261,209
262,209
263,209
264,209
265,209
266,209
267,209
268,209
269,209
270,209
271,209
272,209
273,209
274,209
275,209
276,209
277,209
278,209
279,209
280,209
281,209
282,209
283,209
284,209
285,209
286,209
287,209
288,209
289,209
290,209
291,209
292,209
293,209
294,209
295,209
296,209
297,209
298,209
299,209
300,209
301,209
302,209
303,209
304,209
305,209
306,209
307,209
308,209
309,209
310,209
311,209
312,209
313,209
314,209
315,209
316,209
317,209
318,209
319,209
320,209
321,209
322,209
323,209
324,209
325,209
326,209
327,209
328,209
329,209
330,209
331,209
332,209
333,209
334,209
335,209
336,209
337,209
338,209
339,209
340,209
341,209
342,209
343,209
344,209
345,209
346,209
347,209
348,209
349,209
350,209
351,209
352,209
353,209
354,209
355,209
356,209
357,209
358,209
359,209
360,209
361,209
362,209
363,209
364,209
365,209
366,209
367,209
368,209
369,209
370,209
371,209
372,209
373,209
374,209
375,209
376,209
377,209
378,209
379,209
380,209
381,209
382,209
383,209
384,209
385,209
386,209
387,209
388,209
389,209
390,209
391,209
392,209
393,209
394,209
395,209
396,209
397,209
398,209
399,209
400,209
401,209
402,209
403,209
404,209
405,209
406,209
407,209
408,209
409,209
410,209
411,209
412,209
413,209
414,209
415,209
416,209
417,209
418,209
419,209
420,209
421,209
422,209
423,209
424,209
425,209
426,209
427,209
428,209
429,209
430,209
431,209
432,209
433,209
434,209
435,209
436,209
437,209
438,209
439,209
440,209
441,209
442,209
443,209
444,209
445,209
446,209
447,209
448,209
449,209
450,209
451,209
452,209
453,209
454,209
455,209
456,209
457,209
458,209
459,209
460,209
461,209
462,209
463,209
464,209
464,210
464,211
464,212
464,213
464,214
464,215
464,216
464,217
464,218
464,219
464,220
464,221
464,222
464,223
464,224
464,225
464,226
464,227
464,228
464,229
464,230
464,231
464,232
464,233
464,234
464,235
464,236
464,237
464,238
464,239
464,240
464,241
464,242
464,243
465,243
465,244
466,244
467,244
467,245
468,245
469,245
470,245
471,245
472,245
473,245
474,245
475,245
476,245
477,245
478,245
479,245
479,246
480,246
481,246
482,246
483,246
484,246
485,246
486,246
487,246
488,246
489,246
490,246
491,246
492,246
493,246
494,246
495,246
496,246
497,246
498,246
499,246
500,246
501,246
502,246
503,246
504,246
505,246
506,246
507,246
508,246
509,246
510,246
511,246
512,246
513,246
514,246
515,246
516,246
517,246
518,246
519,246
520,246
521,246
522,246
523,246
524,246
525,246
526,246
527,246
528,246
528,247
529,247
530,247
530,248
531,248
532,248
533,248
534,248
535,248
536,248
537,248
538,248
539,248
540,248
541,248
542,248
543,248
544,248
545,248
546,248
547,248
548,248
549,248
550,248
551,248
552,248
553,248
554,248
555,248
556,248
557,248
558,248
559,248
560,248
561,248
562,248
563,248
564,248
565,248
566,248
566,249
566,250
566,251
566,252
566,253
566,254
566,255
566,256
566,257
566,258
566,259
566,260
566,261
566,262
566,263
566,264
566,265
566,266
566,267
566,268
566,269
566,270
566,271
566,272
566,273
566,274
566,275
566,276
566,277
566,278
566,279
566,280
566,281
566,282
566,283
566,284
566,285
566,286
566,287
