287,876
288,876
289,876
290,876
291,876
292,876
293,876
294,876
295,876
296,876
297,876
298,876
299,876
300,876
301,876
302,876
303,876
304,876
305,876
306,876
307,876
308,876
309,876
310,876
311,876
312,876
313,876
314,876
315,876
316,876
317,876
318,876
319,876
320,876
321,876
322,876
323,876
324,876
325,876
326,876
327,876
328,876
329,876
330,876
331,876
332,876
333,876
334,876
335,876
336,876
337,876
338,876
339,876
340,876
341,876
342,876
343,876
344,876
345,876
346,876
347,876
348,876
349,876
350,876
351,876
352,876
353,876
354,876
355,876
356,876
357,876
358,876
359,876
360,876
361,876
362,876
363,876
364,876
365,876
366,876
366,875
366,874
366,873
366,872
366,871
366,870
366,869
366,868
366,867
366,866
366,865
366,864
366,863
366,862
366,861
366,860
366,859
366,858
366,857
366,856
366,855
366,854
366,853
366,852
366,851
366,850
366,849
366,848
366,847
366,846
366,845
366,844
366,843
366,842
366,841
366,840
366,839
366,838
366,837
366,836
366,835
366,834
366,833
366,832
366,831
366,830
366,829
366,828
366,827
366,826
366,825
366,824
366,823
366,822
366,821
366,820
366,819
366,818
366,817
366,816
366,815
366,814
366,813
366,812
366,811
366,810
366,809
366,808
366,807
366,806
366,805
366,804
366,803
366,802
366,801
366,800
366,799
366,798
366,797
366,796
366,795
366,794
366,793
366,792
366,791
366,790
366,789
366,788
366,787
366,786
366,785
366,784
366,783
367,783
367,782
367,781
368,781
368,780
369,780
370,780
371,780
371,779
372,779
373,779
374,779
375,779
376,779
377,779
378,779
379,779
380,779
381,779
382,779
383,779
384,779
385,779
386,779
387,779
388,779
389,779
390,779
391,779
392,779
393,779
394,779
395,779
396,779
397,779
398,779
399,779
400,779
401,779
402,779
403,779
404,779
405,779
406,779
407,779
408,779
409,779
410,779
411,779
412,779
413,779
414,779
415,779
416,779
417,779
418,779
419,779
420,779
421,779
422,779
423,779
424,779
425,779
426,779
427,779
428,779
429,779
430,779
431,779
432,779
433,779
434,779
435,779
436,779
437,779
438,779
439,779
440,779
441,779
442,779
443,779
444,779
445,779
446,779
447,779
448,779
449,779
450,779
451,779
452,779
453,779
454,779
455,779
456,779
457,779
458,779
459,779
460,779
461,779
462,779
463,779
464,779
465,779
466,779
467,779
468,779
469,779
470,779
471,779
472,779
473,779
474,779
475,779
476,779
477,779
478,779
479,779
480,779
481,779
482,779
483,779
484,779
485,779
486,779
487,779
488,779
489,779
490,779
491,779
492,779
493,779
494,779
495,779
496,779
497,779
498,779
499,779
500,779
501,779
502,779
503,779
504,779
505,779
506,779
507,779
508,779
509,779
510,779
511,779
512,779
513,779
514,779
515,779
516,779
517,779
518,779
519,779
520,779
521,779
522,779
523,779
524,779
525,779
526,779
527,779
528,779
529,779
530,779
531,779
532,779
533,779
534,779
535,779
536,779
537,779
538,779
539,779
540,779
541,779
542,779
543,779
544,779
545,779
546,779
547,779
548,779
549,779
550,779
551,779
552,779
553,779
554,779
555,779
556,779
557,779
558,779
559,779
560,779
561,779
562,779
563,779
564,779
565,779
566,779
567,779
568,779
569,779
570,779
571,779
572,779
573,779
574,779
575,779
576,779
577,779
578,779
579,779
580,779
581,779
582,779
583,779
584,779
585,779
586,779
587,779
588,779
589,779
590,779
591,779
592,779
593,779
594,779
595,779
596,779
597,779
598,779
599,779
600,779
601,779
602,779
603,779
604,779
605,779
606,779
607,779
608,779
609,779
610,779
611,779
612,779
613,779
614,779
615,779
616,779
617,779
618,779
619,779
620,779
621,779
622,779
623,779
624,779
625,779
626,779
627,779
628,779
629,779
630,779
631,779
632,779
633,779
634,779
635,779
636,779
637,779
638,779
639,779
640,779
641,779
642,779
643,779
644,779
645,779
646,779
647,779
648,779
649,779
650,779
651,779
652,779
653,779
654,779
655,779
656,779
657,779
658,779
659,779
660,779
661,779
662,779
663,779
664,779
665,779
666,779
667,779
668,779
669,779
670,779
671,779
672,779
673,779
674,779
675,779
676,779
677,779
678,779
679,779
680,779
681,779
682,779
683,779
684,779
685,779
686,779
687,779
688,779
689,779
690,779
691,779
692,779
693,779
694,779
695,779
696,779
697,779
698,779
699,779
700,779
701,779
702,779
703,779
704,779
705,779
706,779
707,779
708,779
709,779
710,779
711,779
712,779
713,779
714,779
715,779
716,779
717,779
718,779
719,779
720,779
721,779
722,779
723,779
724,779
725,779
726,779
727,779
728,779
729,779
730,779
731,779
732,779
733,779
734,779
735,779
736,779
737,779
738,779
739,779
740,779
741,779
742,779
743,779
744,779
745,779
746,779
747,779
748,779
749,779
750,779
751,779
752,779
753,779
754,779
755,779
756,779
757,779
758,779
759,779
760,779
761,779
762,779
763,779
764,779
765,779
766,779
767,779
768,779
769,779
770,779
771,779
772,779
773,779
774,779
775,779
776,779
777,779
778,779
779,779
780,779
781,779
782,779
783,779
784,779
785,779
786,779
787,779
788,779
789,779
790,779
791,779
792,779
793,779
794,779
795,779
796,779
797,779
798,779
799,779
800,779
801,779
802,779
803,779
804,779
805,779
806,779
807,779
808,779
809,779
810,779
811,779
812,779
813,779
814,779
815,779
816,779
817,779
818,779
819,779
820,779
821,779
822,779
823,779
824,779
825,779
826,779
827,779
828,779
829,779
830,779
831,779
832,779
833,779
834,779
835,779
836,779
837,779
838,779
839,779
840,779
841,779
842,779
843,779
844,779
845,779
846,779
847,779
848,779
849,779
850,779
851,779
852,779
853,779
854,779
855,779
856,779
857,779
858,779
859,779
860,779
861,779
862,779
863,779
864,779
865,779
866,779
867,779
868,779
869,779
870,779
871,779
872,779
873,779
874,779
875,779
876,779
877,779
878,779
879,779
880,779
881,779
882,779
883,779
884,779
885,779
886,779
887,779
888,779
889,779
890,779
891,779
892,779
893,779
894,779
895,779
896,779
897,779
898,779
899,779
900,779
901,779
902,779
903,779
904,779
905,779
906,779
907,779
908,779
909,779
910,779
911,779
912,779
913,779
914,779
915,779
916,779
917,779
918,779
919,779
920,779
921,779
922,779
923,779
924,779
925,779
926,779
927,779
928,779
929,779
930,779
931,779
932,779
933,779
934,779
935,779
936,779
937,779
938,779
939,779
940,779
941,779
942,779
943,779
944,779
945,779
946,779
947,779
948,779
949,779
950,779
951,779
952,779
953,779
954,779
955,779
956,779
957,779
958,779
959,779
960,779
961,779
962,779
963,779
964,779
965,779
966,779
967,779
968,779
969,779
970,779
971,779
972,779
973,779
974,779
975,779
976,779
977,779
978,779
979,779
980,779
981,779
982,779
983,779
984,779
985,779
986,779
987,779
988,779
989,779
990,779
991,779
992,779
993,779
994,779
995,779
996,779
997,779
998,779
999,779
1000,779
1001,779
1002,779
1003,779
1004,779
1005,779
1006,779
1007,779
1008,779
1009,779
1010,779
1011,779
1012,779
1013,779
1014,779
1015,779
1016,779
1017,779
1018,779
1019,779
1020,779
1021,779
1022,779
1023,779
1024,779
1025,779
1026,779
1027,779
1028,779
1029,779
1030,779
1031,779
1032,779
1033,779
1034,779
1035,779
1036,779
1037,779
1038,779
1039,779
1040,779
1041,779
1042,779
1043,779
1044,779
1045,779
1046,779
1047,779
1048,779
1049,779
1050,779
1051,779
1052,779
1053,779
1054,779
1055,779
1056,779
1057,779
1058,779
1059,779
1060,779
1061,779
1062,779
1063,779
1064,779
1065,779
1066,779
1067,779
1068,779
1069,779
1070,779
1071,779
1072,779
1073,779
1074,779
1075,779
1076,779
1077,779
1078,779
1079,779
1080,779
1081,779
1082,779
1083,779
1084,779
1085,779
1086,779
1087,779
1088,779
1089,779
1090,779
1091,779
1092,779
1093,779
1094,779
1095,779
1096,779
1097,779
1098,779
1099,779
1100,779
1101,779
1102,779
1103,779
1104,779
1105,779
1106,779
1107,779
1108,779
1109,779
1110,779
1111,779
1112,779
1113,779
1114,779
1115,779
1116,779
1117,779
1118,779
1119,779
1120,779
1121,779
1122,779
1123,779
1124,779
1125,779
1126,779
1127,779
1128,779
1129,779
1130,779
1131,779
1132,779
1133,779
1134,779
1135,779
1136,779
1137,779
1138,779
1139,779
1140,779
1141,779
1142,779
1143,779
1144,779
1145,779
1146,779
1147,779
1148,779
1149,779
1150,779
1151,779
1152,779
1153,779
1154,779
1155,779
1156,779
1157,779
1158,779
1159,779
1160,779
1161,779
1162,779
1163,779
1164,779
1165,779
1166,779
1167,779
1168,779
1169,779
1170,779
1171,779
1172,779
1173,779
1174,779
1175,779
1176,779
1177,779
1178,779
1179,779
1180,779
1181,779
1182,779
1183,779
1184,779
1185,779
1186,779
1187,779
1188,779
1189,779
1190,779
1191,779
1192,779
1193,779
1194,779
1195,779
1196,779
1197,779
1198,779
1199,779
1200,779
1201,779
1202,779
1203,779
1204,779
1205,779
1206,779
1207,779
1208,779
1209,779
1210,779
1211,779
1212,779
1213,779
1214,779
1215,779
1216,779
1217,779
1218,779
1219,779
1220,779
1221,779
1222,779
1223,779
1224,779
1225,779
1226,779
1227,779
1228,779
1229,779
1230,779
1231,779
1232,779
1233,779
1234,779
1235,779
1236,779
1237,779
1238,779
1239,779
1240,779
1241,779
1242,779
1243,779
1244,779
1245,779
1246,779
1247,779
1248,779
1249,779
1250,779
1251,779
1252,779
1253,779
1254,779
1255,779
1256,779
1257,779
1258,779
1259,779
1260,779
1261,779
1262,779
1263,779
1264,779
1265,779
1266,779
1267,779
1268,779
1269,779
1270,779
1271,779
1272,779
1273,779
1274,779
1275,779
1276,779
1277,779
1278,779
1279,779
1280,779
1281,779
1282,779
1283,779
1284,779
1285,779
1286,779
1287,779
1288,779
1289,779
1290,779
1291,779
1292,779
1293,779
1294,779
1295,779
1296,779
1297,779
1298,779
1299,779
1300,779
1301,779
1302,779
1303,779
1304,779
1305,779
1306,779
1307,779
1308,779
1309,779
1310,779
1311,779
1312,779
1313,779
1314,779
1315,779
1316,779
1317,779
1318,779
1319,779
1320,779
1321,779
1322,779
1323,779
1324,779
1325,779
1326,779
1327,779
1328,779
1329,779
1330,779
1331,779
1332,779
1333,779
1334,779
1335,779
1336,779
1337,779
1338,779
1339,779
1340,779
1341,779
1342,779
1343,779
1344,779
1345,779
1346,779
1347,779
1348,779
1349,779
1350,779
1351,779
1352,779
1353,779
1354,779
1355,779
1356,779
1357,779
1358,779
1359,779
1360,779
1361,779
1362,779
1363,779
1364,779
1365,779
1366,779
1367,779
1368,779
1369,779
1370,779
1371,779
1372,779
1373,779
1374,779
1375,779
1376,779
1377,779
1378,779
1379,779
1380,779
1381,779
1382,779
1383,779
1384,779
1385,779
1386,779
1387,779
1388,779
1389,779
1390,779
1391,779
1392,779
1393,779
1394,779
1395,779
1396,779
1397,779
1398,779
1399,779
1400,779
1401,779
1402,779
1403,779
1404,779
1405,779
1406,779
1407,779
1408,779
1409,779
1410,779
1411,779
1412,779
1413,779
1414,779
1415,779
1416,779
1417,779
1418,779
1419,779
1420,779
1421,779
1422,779
1423,779
1424,779
1425,779
1426,779
1427,779
1428,779
1429,779
1430,779
1431,779
1432,779
1433,779
1434,779
1435,779
1436,779
1437,779
1438,779
1439,779
1440,779
1441,779
1442,779
1443,779
1444,779
1445,779
1446,779
1447,779
1448,779
1449,779
1450,779
1451,779
1452,779
1453,779
1454,779
1455,779
1456,779
1457,779
1458,779
1459,779
1460,779
1461,779
1462,779
1463,779
1464,779
1465,779
1466,779
1467,779
1468,779
1469,779
1470,779
1471,779
1472,779
1473,779
1474,779
1475,779
1476,779
1477,779
1478,779
1479,779
1480,779
1481,779
1482,779
1483,779
1484,779
1485,779
1486,779
1487,779
1488,779
1489,779
1490,779
1491,779
1492,779
1493,779
1494,779
1495,779
1496,779
1497,779
1498,779
1499,779
1500,779
1501,779
1502,779
1503,779
1504,779
1505,779
1506,779
1507,779
1508,779
1509,779
1510,779
1511,779
1512,779
1513,779
1514,779
1515,779
1516,779
1517,779
1518,779
1519,779
1520,779
1521,779
1522,779
1523,779
1524,779
1525,779
1526,779
1527,779
1528,779
1529,779
1530,779
1531,779
1532,779
1533,779
1534,779
1535,779
1536,779
1537,779
1538,779
1539,779
1540,779
1541,779
1542,779
1543,779
1544,779
1545,779
1546,779
1547,779
1548,779
1549,779
1550,779
1551,779
1552,779
1553,779
1554,779
1555,779
1556,779
1557,779
1558,779
1559,779
1560,779
1561,779
1562,779
1563,779
1564,779
1565,779
1566,779
1567,779
1568,779
1569,779
1570,779
1571,779
1572,779
1573,779
1574,779
1575,779
1576,779
1577,779
1578,779
1579,779
1580,779
1581,779
1582,779
1583,779
1584,779
1585,779
1586,779
1587,779
1588,779
1589,779
1590,779
1591,779
1592,779
1593,779
1594,779
1595,779
1596,779
1597,779
1598,779
1599,779
1600,779
1601,779
1602,779
1603,779
1604,779
1605,779
1606,779
1607,779
1608,779
1609,779
1610,779
1611,779
1612,779
1613,779
1614,779
1615,779
1616,779
1617,779
1618,779
1619,779
1620,779
1621,779
1622,779
1623,779
1624,779
1625,779
1626,779
1627,779
1628,779
1629,779
1630,779
1631,779
1632,779
1633,779
1634,779
1635,779
1636,779
1637,779
1638,779
1639,779
1640,779
1641,779
1642,779
1643,779
1644,779
1645,779
1646,779
1647,779
1648,779
1649,779
1650,779
1651,779
1652,779
1653,779
1654,779
1655,779
1656,779
1657,779
1658,779
1659,779
1660,779
1661,779
1662,779
1663,779
1664,779
1665,779
1666,779
1667,779
1668,779
1669,779
1670,779
1671,779
1672,779
1673,779
1674,779
1675,779
1676,779
1677,779
1678,779
1679,779
1680,779
1681,779
1682,779
1683,779
1684,779
1685,779
1686,779
1687,779
1688,779
1689,779
1690,779
1691,779
1692,779
1693,779
1694,779
1695,779
1696,779
1697,779
1698,779
1699,779
1700,779
1701,779
1702,779
1703,779
1704,779
1705,779
1706,779
1707,779
1708,779
1709,779
1710,779
1711,779
1712,779
1713,779
1714,779
1715,779
1716,779
1717,779
1718,779
1719,779
1720,779
1721,779
1722,779
1723,779
1724,779
1725,779
1726,779
1727,779
1728,779
1729,779
1730,779
1731,779
1732,779
1733,779
1734,779
1735,779
1736,779
1737,779
1738,779
1739,779
1740,779
1741,779
1742,779
1743,779
1744,779
1745,779
1746,779
1747,779
1748,779
1749,779
1750,779
1751,779
1752,779
1753,779
1754,779
1755,779
1756,779
1757,779
1758,779
1759,779
1760,779
1761,779
1762,779
1763,779
1764,779
1765,779
1766,779
1767,779
1768,779
1769,779
1770,779
1771,779
1772,779
1773,779
1774,779
1775,779
1776,779
1777,779
1778,779
1779,779
1780,779
1781,779
1782,779
1783,779
1784,779
1785,779
1786,779
1787,779
1788,779
1789,779
1790,779
1791,779
1792,779
1793,779
1794,779
1795,779
1796,779
1797,779
1798,779
1799,779
1800,779
1801,779
1802,779
1803,779
1804,779
1805,779
1806,779
1807,779
1808,779
1809,779
1810,779
1811,779
1812,779
1813,779
1814,779
1815,779
1816,779
1817,779
1818,779
1819,779
1820,779
1821,779
1822,779
1823,779
1824,779
1825,779
1826,779
1827,779
1828,779
1829,779
1830,779
1831,779
1832,779
1833,779
1834,779
1835,779
1836,779
1837,779
1838,779
1839,779
1840,779
1841,779
1842,779
1843,779
1844,779
1845,779
1846,779
1847,779
1848,779
1849,779
1850,779
1851,779
1852,779
1853,779
1854,779
1855,779
1856,779
1857,779
1858,779
1859,779
1860,779
1861,779
1862,779
1863,779
1864,779
1865,779
1866,779
1867,779
1868,779
1869,779
1870,779
1871,779
1872,779
1873,779
1874,779
1875,779
1876,779
1877,779
1878,779
1879,779
1880,779
1881,779
1882,779
1883,779
1884,779
1885,779
1886,779
1887,779
1888,779
1889,779
1890,779
1891,779
1892,779
1893,779
1894,779
1895,779
1896,779
1897,779
1898,779
1899,779
1900,779
1901,779
1902,779
1903,779
1904,779
1905,779
1906,779
1907,779
1908,779
1909,779
1910,779
1911,779
1912,779
1913,779
1914,779
1915,779
1916,779
1917,779
1918,779
1919,779
1920,779
1921,779
1922,779
1923,779
1924,779
1925,779
1926,779
1927,779
1928,779
1929,779
1930,779
1931,779
1932,779
1933,779
1934,779
1935,779
1936,779
1937,779
1938,779
1939,779
1940,779
1941,779
1942,779
1943,779
1944,779
1945,779
1946,779
1947,779
1948,779
1949,779
1950,779
1951,779
1952,779
1953,779
1954,779
1955,779
1956,779
1957,779
1958,779
1959,779
1960,779
1961,779
1962,779
1963,779
1964,779
1965,779
1966,779
1967,779
1968,779
1969,779
1970,779
1971,779
1972,779
1973,779
1974,779
1975,779
1976,779
1977,779
1978,779
1979,779
1980,779
1981,779
1982,779
1983,779
1984,779
1985,779
1986,779
1987,779
1988,779
1989,779
1990,779
1991,779
1992,779
1993,779
1994,779
1995,779
1996,779
1997,779
1998,779
1999,779
2000,779
2001,779
2002,779
2003,779
2004,779
2005,779
2006,779
2007,779
2008,779
2009,779
2010,779
2011,779
2012,779
2013,779
2014,779
2015,779
2016,779
2017,779
2018,779
2019,779
2020,779
2021,779
2022,779
2023,779
2024,779
2025,779
2026,779
2027,779
2028,779
2029,779
2030,779
2031,779
2032,779
2033,779
2034,779
2035,779
2036,779
2037,779
2038,779
2039,779
2040,779
2041,779
2042,779
2043,779
2044,779
2045,779
2046,779
2047,779
2048,779
2049,779
2050,779
2051,779
2052,779
2053,779
2054,779
2055,779
2056,779
2057,779
2058,779
2059,779
2060,779
2061,779
2062,779
2063,779
2064,779
2065,779
2066,779
2067,779
2068,779
2069,779
2070,779
2071,779
2072,779
2073,779
2074,779
2075,779
2076,779
2077,779
2078,779
2079,779
2080,779
2081,779
2082,779
2083,779
2084,779
2085,779
2086,779
2087,779
2088,779
2089,779
2090,779
2091,779
2092,779
2093,779
2094,779
2095,779
2096,779
2097,779
2098,779
2099,779
2100,779
2101,779
2102,779
2103,779
2104,779
2105,779
2106,779
2107,779
2108,779
2109,779
2110,779
2111,779
2112,779
2113,779
2114,779
2115,779
2116,779
2117,779
2118,779
2119,779
2120,779
2121,779
2122,779
2123,779
2124,779
2125,779
2126,779
2127,779
2128,779
2129,779
2130,779
2131,779
2132,779
2133,779
2134,779
2135,779
2136,779
2137,779
2138,779
2139,779
2140,779
2141,779
2142,779
2143,779
2144,779
2145,779
2146,779
2147,779
2148,779
2149,779
2150,779
2151,779
2152,779
2153,779
2154,779
2155,779
2156,779
2157,779
2158,779
2159,779
2160,779
2161,779
2162,779
2163,779
2164,779
2165,779
2166,779
2167,779
2168,779
2169,779
2170,779
2171,779
2172,779
2173,779
2174,779
2175,779
2176,779
2177,779
2178,779
2179,779
2180,779
2181,779
2182,779
2183,779
2184,779
2185,779
2186,779
2187,779
2188,779
2189,779
2190,779
2191,779
2192,779
2193,779
2194,779
2195,779
2196,779
2197,779
2198,779
2199,779
2200,779
2201,779
2202,779
2203,779
2204,779
2205,779
2206,779
2207,779
2208,779
2209,779
2210,779
2211,779
2212,779
2213,779
2214,779
2215,779
2216,779
2217,779
2218,779
2219,779
2220,779
2221,779
2222,779
2223,779
2224,779
2225,779
2226,779
2227,779
2228,779
2229,779
2230,779
2231,779
2232,779
2233,779
2234,779
2235,779
2236,779
2237,779
2238,779
2239,779
2240,779
2241,779
2242,779
2243,779
2244,779
2245,779
2246,779
2247,779
2248,779
2249,779
2250,779
2251,779
2252,779
2253,779
2254,779
2255,779
2256,779
2257,779
2258,779
2259,779
2260,779
2261,779
2262,779
2263,779
2264,779
2265,779
2266,779
2267,779
2268,779
2269,779
2270,779
2271,779
2272,779
2273,779
2274,779
2275,779
2276,779
2277,779
2278,779
2279,779
2280,779
2281,779
2282,779
2283,779
2284,779
2285,779
2286,779
2287,779
2288,779
2289,779
2290,779
2291,779
2292,779
2293,779
2294,779
2295,779
2296,779
2297,779
2298,779
2299,779
2300,779
2301,779
2302,779
2303,779
2304,779
2305,779
2306,779
2307,779
2308,779
2309,779
2310,779
2311,779
2312,779
2313,779
2314,779
2315,779
2316,779
2317,779
2318,779
2319,779
2320,779
2321,779
2322,779
2323,779
2324,779
2325,779
2326,779
2327,779
2328,779
2329,779
2330,779
2331,779
2332,779
2333,779
2334,779
2335,779
2336,779
2337,779
2338,779
2339,779
2340,779
2341,779
2342,779
2343,779
2344,779
2345,779
2346,779
2347,779
2348,779
2349,779
2350,779
2350,780
2350,781
2350,782
2350,783
2350,784
2350,785
2350,786
2350,787
2350,788
2350,789
2350,790
2350,791
2350,792
2350,793
2350,794
2350,795
2350,796
2350,797
2350,798
2350,799
2350,800
2350,801
2350,802
2350,803
2350,804
2350,805
2350,806
2350,807
2350,808
2351,808
2351,809
2351,810
2352,810
2352,811
2353,811
2354,811
2355,811
2355,812
2356,812
2357,812
2358,812
2359,812
2360,812
2361,812
2362,812
2363,812
2364,812
2365,812
2366,812
2367,812
2368,812
2369,812
2370,812
2371,812
2372,812
2373,812
2374,812
2375,812
2376,812
2377,812
2378,812
2379,812
2380,812
2381,812
2382,812
2383,812
2383,813
2383,814
2383,815
2383,816
2383,817
2383,818
2383,819
2383,820
2383,821
2383,822
2383,823
2383,824
2383,825
2383,826
2383,827
2383,828
2383,829
2383,830
2383,831
2383,832
2383,833
2383,834
2383,835
2383,836
2383,837
2383,838
2383,839
2383,840
2383,841
2383,842
2383,843
2383,844
2383,845
2383,846
2383,847
2383,848
2383,849
2383,850
2383,851
2383,852
2383,853
2383,854
2383,855
2383,856
2383,857
2383,858
2383,859
2383,860
2383,861
2383,862
2383,863
2383,864
2383,865
2383,866
2383,867
2383,868
2383,869
2383,870
2383,871
2383,872
2383,873
2383,874
2383,875
2383,876
