313,933
314,933
315,933
316,933
317,933
318,933
319,933
320,933
321,933
322,933
323,933
324,933
325,933
326,933
327,933
328,933
329,933
330,933
331,933
332,933
333,933
334,933
335,933
336,933
337,933
338,933
339,933
340,933
341,933
342,933
343,933
344,933
345,933
346,933
347,933
348,933
349,933
350,933
351,933
352,933
353,933
354,933
355,933
356,933
357,933
358,933
359,933
360,933
361,933
362,933
363,933
364,933
365,933
366,933
367,933
368,933
369,933
370,933
371,933
372,933
373,933
374,933
375,933
376,933
377,933
378,933
379,933
380,933
381,933
382,933
383,933
384,933
385,933
386,933
387,933
388,933
389,933
390,933
391,933
392,933
393,933
394,933
395,933
396,933
397,933
398,933
399,933
400,933
401,933
402,933
403,933
404,933
405,933
406,933
407,933
408,933
409,933
410,933
411,933
412,933
413,933
414,933
415,933
416,933
417,933
418,933
419,933
420,933
421,933
422,933
423,933
424,933
425,933
426,933
427,933
428,933
429,933
430,933
431,933
432,933
432,932
432,931
432,930
432,929
432,928
432,927
432,926
432,925
432,924
432,923
432,922
432,921
432,920
432,919
432,918
432,917
432,916
432,915
432,914
432,913
432,912
432,911
432,910
432,909
432,908
432,907
432,906
432,905
432,904
432,903
432,902
432,901
432,900
432,899
432,898
432,897
432,896
432,895
432,894
432,893
432,892
432,891
432,890
432,889
432,888
432,887
432,886
432,885
432,884
432,883
432,882
432,881
432,880
432,879
432,878
432,877
432,876
432,875
432,874
432,873
432,872
432,871
432,870
432,869
432,868
432,867
432,866
432,865
432,864
432,863
432,862
432,861
432,860
432,859
432,858
432,857
432,856
432,855
432,854
432,853
433,853
433,852
433,851
434,851
435,851
436,851
436,850
437,850
438,850
439,850
440,850
440,849
440,848
440,847
440,846
441,846
441,845
441,844
442,844
443,844
444,844
444,843
445,843
446,843
447,843
448,843
449,843
450,843
451,843
452,843
453,843
454,843
455,843
456,843
457,843
458,843
459,843
460,843
461,843
462,843
463,843
464,843
465,843
466,843
467,843
468,843
469,843
470,843
471,843
472,843
473,843
474,843
475,843
476,843
477,843
478,843
479,843
480,843
481,843
482,843
483,843
484,843
485,843
486,843
487,843
488,843
489,843
490,843
491,843
492,843
493,843
494,843
495,843
496,843
497,843
498,843
499,843
500,843
501,843
502,843
503,843
504,843
505,843
506,843
507,843
508,843
509,843
510,843
511,843
512,843
513,843
514,843
515,843
516,843
517,843
518,843
519,843
520,843
521,843
522,843
523,843
524,843
525,843
526,843
527,843
528,843
529,843
530,843
531,843
532,843
533,843
534,843
535,843
536,843
537,843
538,843
539,843
540,843
541,843
542,843
543,843
544,843
545,843
546,843
547,843
548,843
549,843
550,843
551,843
552,843
553,843
554,843
555,843
556,843
557,843
558,843
559,843
560,843
561,843
562,843
563,843
564,843
565,843
566,843
567,843
568,843
569,843
570,843
571,843
572,843
573,843
574,843
575,843
576,843
577,843
578,843
579,843
580,843
581,843
582,843
583,843
584,843
585,843
586,843
587,843
588,843
589,843
590,843
591,843
592,843
593,843
594,843
595,843
596,843
597,843
598,843
599,843
600,843
601,843
602,843
603,843
604,843
605,843
606,843
607,843
608,843
609,843
610,843
611,843
612,843
613,843
614,843
615,843
616,843
617,843
618,843
619,843
620,843
621,843
622,843
623,843
624,843
625,843
626,843
627,843
628,843
629,843
630,843
631,843
632,843
633,843
634,843
635,843
636,843
637,843
638,843
639,843
640,843
641,843
642,843
643,843
644,843
645,843
646,843
647,843
648,843
649,843
650,843
651,843
652,843
653,843
654,843
655,843
656,843
657,843
658,843
659,843
660,843
661,843
662,843
663,843
664,843
665,843
666,843
667,843
668,843
669,843
670,843
671,843
672,843
673,843
674,843
675,843
676,843
677,843
678,843
679,843
680,843
681,843
682,843
683,843
684,843
685,843
686,843
687,843
688,843
689,843
690,843
691,843
692,843
693,843
694,843
695,843
696,843
697,843
698,843
699,843
700,843
701,843
702,843
703,843
704,843
705,843
706,843
707,843
708,843
709,843
710,843
711,843
712,843
713,843
714,843
715,843
716,843
717,843
718,843
719,843
720,843
721,843
722,843
723,843
724,843
725,843
726,843
727,843
728,843
729,843
730,843
731,843
732,843
733,843
734,843
735,843
736,843
737,843
738,843
739,843
740,843
741,843
742,843
743,843
744,843
745,843
746,843
747,843
748,843
749,843
750,843
751,843
752,843
753,843
754,843
755,843
756,843
757,843
758,843
759,843
760,843
761,843
762,843
763,843
764,843
765,843
766,843
767,843
768,843
769,843
770,843
771,843
772,843
773,843
774,843
775,843
776,843
777,843
778,843
779,843
780,843
781,843
782,843
783,843
784,843
785,843
786,843
787,843
788,843
789,843
790,843
791,843
792,843
793,843
794,843
795,843
796,843
797,843
798,843
799,843
800,843
801,843
802,843
803,843
804,843
805,843
806,843
807,843
808,843
809,843
810,843
811,843
812,843
813,843
814,843
815,843
816,843
817,843
818,843
819,843
820,843
821,843
822,843
823,843
824,843
825,843
826,843
827,843
828,843
829,843
830,843
831,843
832,843
833,843
834,843
835,843
836,843
837,843
838,843
839,843
840,843
841,843
842,843
843,843
844,843
845,843
846,843
847,843
848,843
849,843
850,843
851,843
852,843
853,843
854,843
855,843
856,843
857,843
858,843
859,843
860,843
861,843
862,843
863,843
864,843
865,843
866,843
867,843
868,843
869,843
870,843
871,843
872,843
873,843
874,843
875,843
876,843
877,843
878,843
879,843
880,843
881,843
882,843
883,843
884,843
885,843
886,843
887,843
888,843
889,843
890,843
891,843
892,843
893,843
894,843
895,843
896,843
897,843
898,843
899,843
900,843
901,843
902,843
903,843
904,843
905,843
906,843
907,843
908,843
909,843
910,843
911,843
912,843
913,843
914,843
915,843
916,843
917,843
918,843
919,843
920,843
921,843
922,843
923,843
924,843
925,843
926,843
927,843
928,843
929,843
930,843
931,843
932,843
933,843
934,843
935,843
936,843
937,843
938,843
939,843
940,843
941,843
942,843
943,843
944,843
945,843
946,843
947,843
948,843
949,843
950,843
951,843
952,843
953,843
954,843
955,843
956,843
957,843
958,843
959,843
960,843
961,843
962,843
963,843
964,843
965,843
966,843
967,843
968,843
969,843
970,843
971,843
972,843
973,843
974,843
975,843
976,843
977,843
978,843
979,843
980,843
981,843
982,843
983,843
984,843
985,843
986,843
987,843
988,843
989,843
990,843
991,843
992,843
993,843
994,843
995,843
996,843
997,843
998,843
999,843
1000,843
1001,843
1002,843
1003,843
1004,843
1005,843
1006,843
1007,843
1008,843
1009,843
1010,843
1011,843
1012,843
1013,843
1014,843
1015,843
1016,843
1017,843
1018,843
1019,843
1020,843
1021,843
1022,843
1023,843
1024,843
1025,843
1026,843
1027,843
1028,843
1029,843
1030,843
1031,843
1032,843
1033,843
1034,843
1035,843
1036,843
1037,843
1038,843
1039,843
1040,843
1041,843
1042,843
1043,843
1044,843
1045,843
1046,843
1047,843
1048,843
1049,843
1050,843
1051,843
1052,843
1053,843
1054,843
1055,843
1056,843
1057,843
1058,843
1059,843
1060,843
1061,843
1062,843
1063,843
1064,843
1065,843
1066,843
1067,843
1068,843
1069,843
1070,843
1071,843
1072,843
1073,843
1074,843
1075,843
1076,843
1077,843
1078,843
1079,843
1080,843
1081,843
1082,843
1083,843
1084,843
1085,843
1086,843
1087,843
1088,843
1089,843
1090,843
1091,843
1092,843
1093,843
1094,843
1095,843
1096,843
1097,843
1098,843
1099,843
1100,843
1101,843
1102,843
1103,843
1104,843
1105,843
1106,843
1107,843
1108,843
1109,843
1110,843
1111,843
1112,843
1113,843
1114,843
1115,843
1116,843
1117,843
1118,843
1119,843
1120,843
1121,843
1122,843
1123,843
1124,843
1125,843
1126,843
1127,843
1128,843
1129,843
1130,843
1131,843
1132,843
1133,843
1134,843
1135,843
1136,843
1137,843
1138,843
1139,843
1140,843
1141,843
1142,843
1143,843
1144,843
1145,843
1146,843
1147,843
1148,843
1149,843
1150,843
1151,843
1152,843
1153,843
1154,843
1155,843
1156,843
1157,843
1158,843
1159,843
1160,843
1161,843
1162,843
1163,843
1164,843
1165,843
1166,843
1167,843
1168,843
1169,843
1170,843
1171,843
1172,843
1173,843
1174,843
1175,843
1176,843
1177,843
1178,843
1179,843
1180,843
1181,843
1182,843
1183,843
1184,843
1185,843
1186,843
1187,843
1188,843
1189,843
1190,843
1191,843
1192,843
1193,843
1194,843
1195,843
1196,843
1197,843
1198,843
1199,843
1200,843
1201,843
1202,843
1203,843
1204,843
1205,843
1206,843
1207,843
1208,843
1209,843
1210,843
1211,843
1212,843
1213,843
1214,843
1215,843
1216,843
1217,843
1218,843
1219,843
1220,843
1221,843
1222,843
1223,843
1224,843
1225,843
1226,843
1227,843
1228,843
1229,843
1230,843
1231,843
1232,843
1233,843
1234,843
1235,843
1236,843
1237,843
1238,843
1239,843
1240,843
1241,843
1242,843
1243,843
1244,843
1245,843
1246,843
1247,843
1248,843
1249,843
1250,843
1251,843
1252,843
1253,843
1254,843
1255,843
1256,843
1257,843
1258,843
1259,843
1260,843
1261,843
1262,843
1263,843
1264,843
1265,843
1266,843
1267,843
1268,843
1269,843
1270,843
1271,843
1272,843
1273,843
1274,843
1275,843
1276,843
1277,843
1278,843
1279,843
1280,843
1281,843
1282,843
1283,843
1284,843
1285,843
1286,843
1287,843
1288,843
1289,843
1290,843
1291,843
1292,843
1293,843
1294,843
1295,843
1296,843
1297,843
1298,843
1299,843
1300,843
1301,843
1302,843
1303,843
1304,843
1305,843
1306,843
1307,843
1308,843
1309,843
1310,843
1311,843
1312,843
1313,843
1314,843
1315,843
1316,843
1317,843
1318,843
1319,843
1320,843
1321,843
1322,843
1323,843
1324,843
1325,843
1326,843
1327,843
1328,843
1329,843
1330,843
1331,843
1332,843
1333,843
1334,843
1335,843
1336,843
1337,843
1338,843
1339,843
1340,843
1341,843
1342,843
1343,843
1344,843
1345,843
1346,843
1347,843
1348,843
1349,843
1350,843
1351,843
1352,843
1353,843
1354,843
1355,843
1356,843
1357,843
1358,843
1359,843
1360,843
1361,843
1362,843
1363,843
1364,843
1365,843
1366,843
1367,843
1368,843
1369,843
1370,843
1371,843
1372,843
1373,843
1374,843
1375,843
1376,843
1377,843
1378,843
1379,843
1380,843
1381,843
1382,843
1383,843
1384,843
1385,843
1386,843
1387,843
1388,843
1389,843
1390,843
1391,843
1392,843
1393,843
1394,843
1395,843
1396,843
1397,843
1398,843
1399,843
1400,843
1401,843
1402,843
1403,843
1404,843
1405,843
1406,843
1407,843
1408,843
1409,843
1410,843
1411,843
1412,843
1413,843
1414,843
1415,843
1416,843
1417,843
1418,843
1419,843
1420,843
1421,843
1422,843
1423,843
1424,843
1425,843
1426,843
1427,843
1428,843
1429,843
1430,843
1431,843
1432,843
1433,843
1434,843
1435,843
1436,843
1437,843
1438,843
1439,843
1440,843
1441,843
1442,843
1443,843
1444,843
1445,843
1446,843
1447,843
1448,843
1449,843
1450,843
1451,843
1452,843
1453,843
1454,843
1455,843
1456,843
1457,843
1458,843
1459,843
1460,843
1461,843
1462,843
1463,843
1464,843
1465,843
1466,843
1467,843
1468,843
1469,843
1470,843
1471,843
1472,843
1473,843
1474,843
1475,843
1476,843
1477,843
1478,843
1479,843
1480,843
1481,843
1482,843
1483,843
1484,843
1485,843
1486,843
1487,843
1488,843
1489,843
1490,843
1491,843
1492,843
1493,843
1494,843
1495,843
1496,843
1497,843
1498,843
1499,843
1500,843
1501,843
1502,843
1503,843
1504,843
1505,843
1506,843
1507,843
1508,843
1509,843
1510,843
1511,843
1512,843
1513,843
1514,843
1515,843
1516,843
1517,843
1518,843
1519,843
1520,843
1521,843
1522,843
1523,843
1524,843
1525,843
1526,843
1527,843
1528,843
1529,843
1530,843
1531,843
1532,843
1533,843
1534,843
1535,843
1536,843
1537,843
1538,843
1539,843
1540,843
1541,843
1542,843
1543,843
1544,843
1545,843
1546,843
1547,843
1548,843
1549,843
1550,843
1551,843
1552,843
1553,843
1554,843
1555,843
1556,843
1557,843
1558,843
1559,843
1560,843
1561,843
1562,843
1563,843
1564,843
1565,843
1566,843
1567,843
1568,843
1569,843
1570,843
1571,843
1572,843
1573,843
1574,843
1575,843
1576,843
1577,843
1578,843
1579,843
1580,843
1581,843
1582,843
1583,843
1584,843
1585,843
1586,843
1587,843
1588,843
1589,843
1590,843
1591,843
1592,843
1593,843
1594,843
1595,843
1596,843
1597,843
1598,843
1599,843
1600,843
1601,843
1602,843
1603,843
1604,843
1605,843
1606,843
1607,843
1608,843
1609,843
1610,843
1611,843
1612,843
1613,843
1614,843
1615,843
1616,843
1617,843
1618,843
1619,843
1620,843
1621,843
1622,843
1623,843
1624,843
1625,843
1626,843
1627,843
1628,843
1629,843
1630,843
1631,843
1632,843
1633,843
1634,843
1635,843
1636,843
1637,843
1638,843
1639,843
1640,843
1641,843
1642,843
1643,843
1644,843
1645,843
1646,843
1647,843
1648,843
1649,843
1650,843
1651,843
1652,843
1653,843
1654,843
1655,843
1656,843
1657,843
1658,843
1659,843
1660,843
1661,843
1662,843
1663,843
1664,843
1665,843
1666,843
1667,843
1668,843
1669,843
1670,843
1671,843
1672,843
1673,843
1674,843
1675,843
1676,843
1677,843
1678,843
1679,843
1680,843
1681,843
1682,843
1683,843
1684,843
1685,843
1686,843
1687,843
1688,843
1689,843
1690,843
1691,843
1692,843
1693,843
1694,843
1695,843
1696,843
1697,843
1698,843
1699,843
1700,843
1701,843
1702,843
1703,843
1704,843
1705,843
1706,843
1707,843
1708,843
1709,843
1710,843
1711,843
1712,843
1713,843
1714,843
1715,843
1716,843
1717,843
1718,843
1719,843
1720,843
1721,843
1722,843
1723,843
1724,843
1725,843
1726,843
1727,843
1728,843
1729,843
1730,843
1731,843
1732,843
1733,843
1734,843
1735,843
1736,843
1737,843
1738,843
1739,843
1740,843
1741,843
1742,843
1743,843
1744,843
1745,843
1746,843
1747,843
1748,843
1749,843
1750,843
1751,843
1752,843
1753,843
1754,843
1755,843
1756,843
1757,843
1758,843
1759,843
1760,843
1761,843
1762,843
1763,843
1764,843
1765,843
1766,843
1767,843
1768,843
1769,843
1770,843
1771,843
1772,843
1773,843
1774,843
1775,843
1776,843
1777,843
1778,843
1779,843
1780,843
1781,843
1782,843
1783,843
1784,843
1785,843
1786,843
1787,843
1788,843
1789,843
1790,843
1791,843
1792,843
1793,843
1794,843
1795,843
1796,843
1797,843
1798,843
1799,843
1800,843
1801,843
1802,843
1803,843
1804,843
1805,843
1806,843
1807,843
1808,843
1809,843
1810,843
1811,843
1812,843
1813,843
1814,843
1815,843
1816,843
1817,843
1818,843
1819,843
1820,843
1821,843
1822,843
1823,843
1824,843
1825,843
1826,843
1827,843
1828,843
1829,843
1830,843
1831,843
1832,843
1833,843
1834,843
1835,843
1836,843
1837,843
1838,843
1839,843
1840,843
1841,843
1842,843
1843,843
1844,843
1845,843
1846,843
1847,843
1848,843
1849,843
1850,843
1851,843
1852,843
1853,843
1854,843
1855,843
1856,843
1857,843
1858,843
1859,843
1860,843
1861,843
1862,843
1863,843
1864,843
1865,843
1866,843
1867,843
1868,843
1869,843
1870,843
1871,843
1872,843
1873,843
1874,843
1875,843
1876,843
1877,843
1878,843
1879,843
1880,843
1881,843
1882,843
1883,843
1884,843
1885,843
1886,843
1887,843
1888,843
1889,843
1890,843
1891,843
1892,843
1893,843
1894,843
1895,843
1896,843
1897,843
1898,843
1899,843
1900,843
1901,843
1902,843
1903,843
1904,843
1905,843
1906,843
1907,843
1908,843
1909,843
1910,843
1911,843
1912,843
1913,843
1914,843
1915,843
1916,843
1917,843
1918,843
1919,843
1920,843
1921,843
1922,843
1923,843
1924,843
1925,843
1926,843
1927,843
1928,843
1929,843
1930,843
1931,843
1932,843
1933,843
1934,843
1935,843
1936,843
1937,843
1938,843
1939,843
1940,843
1941,843
1942,843
1943,843
1944,843
1945,843
1946,843
1947,843
1948,843
1949,843
1950,843
1951,843
1952,843
1953,843
1954,843
1955,843
1956,843
1957,843
1958,843
1959,843
1960,843
1961,843
1962,843
1963,843
1964,843
1965,843
1966,843
1967,843
1968,843
1969,843
1970,843
1971,843
1972,843
1973,843
1974,843
1975,843
1976,843
1977,843
1978,843
1979,843
1980,843
1981,843
1982,843
1983,843
1984,843
1985,843
1986,843
1987,843
1988,843
1989,843
1990,843
1991,843
1992,843
1993,843
1994,843
1995,843
1996,843
1997,843
1998,843
1999,843
2000,843
2001,843
2002,843
2003,843
2004,843
2005,843
2006,843
2007,843
2008,843
2009,843
2010,843
2011,843
2012,843
2013,843
2014,843
2015,843
2016,843
2017,843
2018,843
2019,843
2020,843
2021,843
2022,843
2023,843
2024,843
2025,843
2026,843
2027,843
2028,843
2029,843
2030,843
2031,843
2032,843
2033,843
2034,843
2035,843
2036,843
2037,843
2038,843
2039,843
2040,843
2041,843
2042,843
2043,843
2044,843
2045,843
2046,843
2047,843
2048,843
2049,843
2050,843
2051,843
2052,843
2053,843
2054,843
2055,843
2056,843
2057,843
2058,843
2059,843
2060,843
2061,843
2062,843
2063,843
2064,843
2065,843
2066,843
2067,843
2068,843
2069,843
2070,843
2071,843
2072,843
2073,843
2074,843
2075,843
2076,843
2077,843
2078,843
2079,843
2080,843
2081,843
2082,843
2083,843
2084,843
2085,843
2086,843
2087,843
2088,843
2089,843
2090,843
2091,843
2092,843
2093,843
2094,843
2095,843
2096,843
2097,843
2098,843
2099,843
2100,843
2101,843
2102,843
2103,843
2104,843
2105,843
2106,843
2107,843
2108,843
2109,843
2110,843
2111,843
2112,843
2113,843
2114,843
2115,843
2116,843
2117,843
2118,843
2119,843
2120,843
2121,843
2122,843
2123,843
2124,843
2125,843
2126,843
2127,843
2128,843
2129,843
2130,843
2131,843
2132,843
2133,843
2134,843
2135,843
2136,843
2137,843
2138,843
2139,843
2140,843
2141,843
2142,843
2143,843
2144,843
2145,843
2146,843
2147,843
2148,843
2149,843
2150,843
2151,843
2152,843
2153,843
2154,843
2155,843
2156,843
2157,843
2158,843
2159,843
2160,843
2161,843
2162,843
2163,843
2164,843
2165,843
2166,843
2167,843
2168,843
2169,843
2170,843
2171,843
2172,843
2173,843
2174,843
2175,843
2176,843
2177,843
2178,843
2179,843
2180,843
2181,843
2182,843
2183,843
2184,843
2185,843
2186,843
2187,843
2188,843
2189,843
2190,843
2191,843
2192,843
2193,843
2194,843
2195,843
2196,843
2197,843
2198,843
2199,843
2200,843
2201,843
2202,843
2203,843
2204,843
2205,843
2206,843
2207,843
2208,843
2209,843
2210,843
2211,843
2212,843
2213,843
2214,843
2215,843
2216,843
2217,843
2218,843
2219,843
2220,843
2221,843
2222,843
2223,843
2224,843
2225,843
2226,843
2227,843
2228,843
2229,843
2230,843
2231,843
2232,843
2233,843
2234,843
2235,843
2236,843
2237,843
2238,843
2239,843
2240,843
2241,843
2242,843
2243,843
2244,843
2245,843
2246,843
2247,843
2248,843
2249,843
2250,843
2251,843
2252,843
2253,843
2254,843
2255,843
2256,843
2257,843
2258,843
2259,843
2260,843
2261,843
2262,843
2263,843
2264,843
2265,843
2266,843
2267,843
2268,843
2269,843
2270,843
2271,843
2272,843
2273,843
2274,843
2275,843
2276,843
2277,843
2278,843
2279,843
2280,843
2281,843
2282,843
2283,843
2284,843
2285,843
2286,843
2287,843
2288,843
2289,843
2290,843
2291,843
2292,843
2293,843
2294,843
2295,843
2296,843
2297,843
2298,843
2299,843
2300,843
2301,843
2302,843
2303,843
2304,843
2305,843
2306,843
2307,843
2308,843
2309,843
2310,843
2311,843
2312,843
2313,843
2314,843
2315,843
2316,843
2317,843
2318,843
2319,843
2320,843
2321,843
2322,843
2323,843
2323,844
2323,845
2323,846
2323,847
2323,848
2323,849
2323,850
2323,851
2323,852
2323,853
2323,854
2323,855
2323,856
2323,857
2323,858
2323,859
2323,860
2323,861
2323,862
2323,863
2323,864
2323,865
2323,866
2323,867
2323,868
2323,869
2323,870
2323,871
2323,872
2324,872
2324,873
2324,874
2325,874
2325,875
2326,875
2327,875
2328,875
2328,876
2329,876
2330,876
2331,876
2332,876
2333,876
2334,876
2335,876
2336,876
2337,876
2338,876
2339,876
2340,876
2341,876
2342,876
2343,876
2344,876
2345,876
2346,876
2347,876
2348,876
2349,876
2350,876
2351,876
2352,876
2353,876
2354,876
2355,876
2356,876
2356,877
2356,878
2356,879
2356,880
2356,881
2356,882
2356,883
2356,884
2356,885
2356,886
2356,887
2356,888
2356,889
2356,890
2356,891
2356,892
2356,893
2356,894
2356,895
2356,896
2356,897
2356,898
2356,899
2356,900
2356,901
2356,902
2356,903
2356,904
2356,905
2356,906
2356,907
2356,908
2356,909
2356,910
2356,911
2356,912
2356,913
2356,914
2356,915
2356,916
2356,917
2356,918
2356,919
2356,920
2356,921
2356,922
2356,923
2356,924
2356,925
2356,926
2356,927
2356,928
2356,929
2356,930
2356,931
2356,932
2356,933
2356,934
2356,935
