135,306
136,306
137,306
138,306
139,306
140,306
141,306
142,306
143,306
144,306
145,306
146,306
147,306
148,306
149,306
150,306
151,306
152,306
153,306
154,306
155,306
156,306
157,306
158,306
159,306
160,306
161,306
162,306
163,306
164,306
165,306
166,306
167,306
168,306
169,306
170,306
171,306
172,306
173,306
174,306
175,306
176,306
177,306
178,306
179,306
180,306
181,306
182,306
183,306
184,306
185,306
186,306
187,306
188,306
189,306
190,306
191,306
192,306
193,306
194,306
195,306
196,306
197,306
198,306
199,306
200,306
201,306
202,306
203,306
204,306
205,306
206,306
207,306
208,306
209,306
210,306
211,306
212,306
213,306
214,306
215,306
216,306
217,306
218,306
219,306
220,306
221,306
222,306
223,306
224,306
225,306
226,306
227,306
228,306
229,306
230,306
231,306
232,306
233,306
234,306
235,306
236,306
237,306
238,306
239,306
240,306
241,306
242,306
243,306
244,306
245,306
246,306
247,306
248,306
249,306
250,306
251,306
252,306
253,306
254,306
255,306
256,306
257,306
258,306
259,306
260,306
261,306
262,306
263,306
264,306
265,306
266,306
267,306
268,306
269,306
270,306
271,306
272,306
273,306
274,306
275,306
276,306
277,306
278,306
279,306
280,306
281,306
282,306
283,306
284,306
285,306
286,306
287,306
288,306
289,306
290,306
291,306
292,306
293,306
294,306
295,306
296,306
297,306
298,306
299,306
300,306
301,306
302,306
303,306
304,306
305,306
306,306
307,306
308,306
309,306
310,306
311,306
312,306
313,306
314,306
315,306
316,306
317,306
318,306
319,306
320,306
321,306
322,306
323,306
324,306
325,306
326,306
327,306
328,306
329,306
330,306
331,306
332,306
333,306
334,306
335,306
336,306
337,306
338,306
339,306
340,306
341,306
342,306
343,306
344,306
345,306
346,306
347,306
348,306
349,306
350,306
351,306
352,306
353,306
354,306
355,306
356,306
357,306
358,306
359,306
360,306
361,306
362,306
363,306
364,306
365,306
366,306
367,306
368,306
369,306
370,306
371,306
372,306
373,306
374,306
375,306
376,306
377,306
378,306
379,306
380,306
381,306
382,306
383,306
384,306
385,306
386,306
387,306
388,306
389,306
390,306
391,306
392,306
393,306
394,306
395,306
396,306
397,306
398,306
399,306
400,306
401,306
402,306
403,306
404,306
405,306
406,306
407,306
408,306
409,306
410,306
411,306
412,306
413,306
414,306
415,306
416,306
417,306
418,306
419,306
420,306
421,306
422,306
422,305
422,304
422,303
422,302
422,301
422,300
422,299
422,298
422,297
422,296
422,295
422,294
422,293
422,292
422,291
422,290
422,289
422,288
422,287
422,286
422,285
422,284
422,283
422,282
422,281
422,280
422,279
422,278
422,277
422,276
422,275
422,274
422,273
422,272
422,271
422,270
422,269
422,268
422,267
422,266
422,265
422,264
422,263
422,262
422,261
422,260
422,259
422,258
422,257
422,256
422,255
422,254
422,253
422,252
