2323,690
2322,690
2321,690
2320,690
2319,690
2318,690
2317,690
2316,690
2315,690
2314,690
2313,690
2312,690
2311,690
2310,690
2309,690
2308,690
2307,690
2306,690
2305,690
2304,690
2303,690
2302,690
2302,691
2302,692
2302,693
2302,694
2302,695
2302,696
2302,697
2302,698
2302,699
2302,700
2302,701
2302,702
2302,703
2302,704
2302,705
2302,706
2302,707
2302,708
2302,709
2302,710
2302,711
2302,712
2302,713
2302,714
2302,715
2302,716
2302,717
2302,718
2302,719
2302,720
2302,721
2302,722
2302,723
2302,724
2302,725
2302,726
2302,727
2302,728
2302,729
2302,730
2302,731
2302,732
2302,733
2302,734
2302,735
2302,736
2302,737
2302,738
2302,739
2302,740
2302,741
2302,742
2302,743
2302,744
2302,745
2302,746
2302,747
2302,748
2302,749
2302,750
2302,751
2302,752
2302,753
2302,754
2302,755
2302,756
2302,757
2302,758
2302,759
2302,760
2302,761
2302,762
2302,763
2302,764
2302,765
2302,766
2302,767
2302,768
2302,769
2302,770
2302,771
2302,772
2302,773
2302,774
2302,775
2302,776
2302,777
2302,778
2302,779
2302,780
2302,781
2302,782
2302,783
2302,784
2302,785
2302,786
2302,787
2302,788
2302,789
2302,790
2302,791
2302,792
2302,793
2302,794
2302,795
2301,795
2301,796
2301,797
2301,798
2301,799
2300,799
2300,800
2300,801
2299,801
2298,801
2297,801
2297,802
2296,802
2295,802
2294,802
2293,802
2292,802
2291,802
2290,802
2289,802
2288,802
2287,802
2286,802
2285,802
2284,802
2283,802
2282,802
2281,802
2280,802
2279,802
2278,802
2277,802
2276,802
2275,802
2274,802
2273,802
2272,802
2271,802
2270,802
2269,802
2268,802
2267,802
2266,802
2265,802
2264,802
2263,802
2262,802
2261,802
2260,802
2259,802
2258,802
2257,802
2256,802
2255,802
2254,802
2253,802
2252,802
2251,802
2250,802
2249,802
2248,802
2247,802
2246,802
2245,802
2244,802
2243,802
2242,802
2241,802
2240,802
2239,802
2238,802
2237,802
2236,802
2235,802
2234,802
2233,802
2232,802
2231,802
2230,802
2229,802
2228,802
2227,802
2226,802
2225,802
2224,802
2223,802
2222,802
2221,802
2220,802
2219,802
2218,802
2217,802
2216,802
2215,802
2214,802
2213,802
2212,802
2211,802
2210,802
2209,802
2208,802
2207,802
2206,802
2205,802
2204,802
2203,802
2202,802
2201,802
2200,802
2199,802
2198,802
2197,802
2196,802
2195,802
2194,802
2193,802
2192,802
2191,802
2190,802
2189,802
2188,802
2187,802
2186,802
2185,802
2184,802
2183,802
2182,802
2181,802
2180,802
2179,802
2178,802
2177,802
2176,802
2175,802
2174,802
2173,802
2172,802
2171,802
2170,802
2169,802
2168,802
2167,802
2166,802
2165,802
2164,802
2163,802
2162,802
2161,802
2160,802
2159,802
2158,802
2157,802
2156,802
2155,802
2154,802
2153,802
2152,802
2151,802
2150,802
2149,802
2148,802
2147,802
2146,802
2145,802
2144,802
2143,802
2142,802
2141,802
2140,802
2139,802
2138,802
2137,802
2136,802
2135,802
2134,802
2133,802
2132,802
2131,802
2130,802
2129,802
2128,802
2127,802
2126,802
2125,802
2124,802
2123,802
2122,802
2121,802
2120,802
2119,802
2118,802
2117,802
2117,803
2116,803
2116,804
2115,804
2114,804
2113,804
2113,805
2112,805
2111,805
2110,805
2109,805
2108,805
2107,805
2106,805
2105,805
2105,806
2104,806
2103,806
2102,806
2101,806
2100,806
2099,806
2098,806
2097,806
2096,806
2095,806
2094,806
2093,806
2092,806
2091,806
2090,806
2089,806
2088,806
2087,806
2086,806
2085,806
2084,806
2083,806
2082,806
2081,806
2080,806
2079,806
2078,806
2077,806
2076,806
2075,806
2074,806
2073,806
2072,806
2071,806
2070,806
2069,806
2068,806
2067,806
2066,806
2065,806
2064,806
2063,806
2062,806
2061,806
2060,806
2059,806
2058,806
2057,806
2056,806
2055,806
2054,806
2053,806
2052,806
2051,806
2050,806
2049,806
2048,806
2047,806
2046,806
2045,806
2044,806
2043,806
2042,806
2041,806
2040,806
2039,806
2038,806
2037,806
2036,806
2035,806
2034,806
2033,806
2032,806
2031,806
2030,806
2029,806
2028,806
2027,806
2026,806
2025,806
2024,806
2023,806
2022,806
2021,806
2020,806
2019,806
2018,806
2017,806
2016,806
2015,806
2014,806
2013,806
2012,806
2011,806
2010,806
2009,806
2008,806
2007,806
2006,806
2005,806
2004,806
2003,806
2002,806
2001,806
2000,806
1999,806
1998,806
1997,806
1996,806
1995,806
1994,806
1993,806
1992,806
1991,806
1990,806
1989,806
1988,806
1987,806
1986,806
1985,806
1984,806
1983,806
1982,806
1981,806
1980,806
1979,806
1978,806
1977,806
1976,806
1975,806
1974,806
1973,806
1972,806
1971,806
1970,806
1969,806
1968,806
1967,806
1966,806
1965,806
1964,806
1963,806
1962,806
1961,806
1960,806
1959,806
1958,806
1957,806
1956,806
1955,806
1954,806
1953,806
1952,806
1951,806
1950,806
1949,806
1948,806
1947,806
1946,806
1945,806
1944,806
1943,806
1942,806
1941,806
1940,806
1939,806
1938,806
1937,806
1936,806
1935,806
1934,806
1933,806
1932,806
1931,806
1930,806
1929,806
1928,806
1927,806
1926,806
1925,806
1924,806
1923,806
1922,806
1921,806
1920,806
1919,806
1918,806
1917,806
1916,806
1915,806
1914,806
1913,806
1912,806
1911,806
1910,806
1909,806
1908,806
1907,806
1906,806
1905,806
1904,806
1903,806
1902,806
1901,806
1900,806
1899,806
1898,806
1897,806
1896,806
1895,806
1894,806
1893,806
1892,806
1891,806
1890,806
1889,806
1888,806
1887,806
1886,806
1885,806
1884,806
1883,806
1882,806
1881,806
1880,806
1879,806
1878,806
1877,806
1876,806
1875,806
1874,806
1873,806
1872,806
1871,806
1870,806
1869,806
1868,806
1867,806
1866,806
1865,806
1864,806
1863,806
1862,806
1861,806
1860,806
1859,806
1858,806
1857,806
1856,806
1855,806
1854,806
1853,806
1852,806
1851,806
1850,806
1849,806
1848,806
1847,806
1846,806
1845,806
1844,806
1843,806
1842,806
1841,806
1840,806
1839,806
1838,806
1837,806
1836,806
1835,806
1834,806
1833,806
1832,806
1831,806
1830,806
1829,806
1828,806
1827,806
1826,806
1825,806
1824,806
1823,806
1822,806
1821,806
1820,806
1819,806
1818,806
1817,806
1816,806
1815,806
1814,806
1813,806
1812,806
1811,806
1810,806
1809,806
1808,806
1807,806
1806,806
1805,806
1804,806
1803,806
1802,806
1801,806
1800,806
1799,806
1798,806
1797,806
1796,806
1795,806
1794,806
1793,806
1792,806
1791,806
1790,806
1789,806
1788,806
1787,806
1786,806
1785,806
1784,806
1783,806
1782,806
1781,806
1780,806
1779,806
1778,806
1777,806
1776,806
1775,806
1774,806
1773,806
1772,806
1771,806
1770,806
1769,806
1768,806
1767,806
1766,806
1765,806
1764,806
1763,806
1762,806
1761,806
1760,806
1759,806
1758,806
1757,806
1756,806
1755,806
1754,806
1753,806
1752,806
1751,806
1750,806
1749,806
1748,806
1747,806
1746,806
1745,806
1744,806
1743,806
1742,806
1741,806
1740,806
1739,806
1738,806
1737,806
1736,806
1735,806
1734,806
1733,806
1732,806
1731,806
1730,806
1729,806
1728,806
1727,806
1726,806
1725,806
1724,806
1723,806
1722,806
1721,806
1720,806
1719,806
1718,806
1717,806
1716,806
1715,806
1714,806
1713,806
1712,806
1711,806
1710,806
1709,806
1708,806
1707,806
1706,806
1705,806
1704,806
1703,806
1702,806
1701,806
1700,806
1699,806
1698,806
1697,806
1696,806
1695,806
1694,806
1693,806
1692,806
1691,806
1690,806
1689,806
1688,806
1687,806
1686,806
1685,806
1684,806
1683,806
1682,806
1681,806
1680,806
1679,806
1678,806
1677,806
1676,806
1675,806
1674,806
1673,806
1672,806
1671,806
1670,806
1669,806
1668,806
1667,806
1666,806
1665,806
1664,806
1663,806
1662,806
1661,806
1660,806
1659,806
1658,806
1657,806
1656,806
1655,806
1654,806
1653,806
1652,806
1651,806
1650,806
1649,806
1648,806
1647,806
1646,806
1645,806
1644,806
1643,806
1642,806
1641,806
1640,806
1639,806
1638,806
1637,806
1636,806
1635,806
1634,806
1633,806
1632,806
1631,806
1630,806
1629,806
1628,806
1627,806
1626,806
1625,806
1624,806
1623,806
1622,806
1621,806
1620,806
1619,806
1618,806
1617,806
1616,806
1615,806
1614,806
1613,806
1612,806
1611,806
1610,806
1609,806
1608,806
1607,806
1606,806
1605,806
1604,806
1603,806
1602,806
1601,806
1600,806
1599,806
1598,806
1597,806
1596,806
1595,806
1594,806
1593,806
1592,806
1591,806
1590,806
1589,806
1588,806
1587,806
1586,806
1585,806
1584,806
1583,806
1582,806
1581,806
1580,806
1579,806
1578,806
1577,806
1576,806
1575,806
1574,806
1573,806
1572,806
1571,806
1570,806
1569,806
1568,806
1567,806
1566,806
1565,806
1564,806
1563,806
1562,806
1561,806
1560,806
1559,806
1558,806
1557,806
1556,806
1555,806
1554,806
1553,806
1552,806
1551,806
1550,806
1549,806
1548,806
1547,806
1546,806
1545,806
1544,806
1543,806
1542,806
1541,806
1540,806
1539,806
1538,806
1537,806
1536,806
1535,806
1534,806
1533,806
1532,806
1531,806
1530,806
1529,806
1528,806
1527,806
1526,806
1525,806
1524,806
1523,806
1522,806
1521,806
1520,806
1519,806
1518,806
1517,806
1516,806
1515,806
1514,806
1513,806
1512,806
1511,806
1510,806
1509,806
1508,806
1507,806
1506,806
1505,806
1504,806
1503,806
1502,806
1501,806
1500,806
1499,806
1498,806
1497,806
1496,806
1495,806
1494,806
1493,806
1492,806
1491,806
1490,806
1489,806
1488,806
1487,806
1486,806
1485,806
1484,806
1483,806
1482,806
1481,806
1480,806
1479,806
1478,806
1477,806
1476,806
1475,806
1474,806
1473,806
1472,806
1471,806
1470,806
1469,806
1468,806
1467,806
1466,806
1465,806
1464,806
1463,806
1462,806
1461,806
1460,806
1459,806
1458,806
1457,806
1456,806
1455,806
1454,806
1453,806
1452,806
1451,806
1450,806
1449,806
1448,806
1447,806
1446,806
1445,806
1444,806
1443,806
1442,806
1441,806
1440,806
1439,806
1438,806
1437,806
1436,806
1435,806
1434,806
1433,806
1432,806
1431,806
1430,806
1429,806
1428,806
1427,806
1426,806
1425,806
1424,806
1423,806
1422,806
1421,806
1420,806
1419,806
1418,806
1417,806
1416,806
1415,806
1414,806
1413,806
1412,806
1411,806
1410,806
1409,806
1408,806
1407,806
1406,806
1405,806
1404,806
1403,806
1402,806
1401,806
1400,806
1399,806
1398,806
1397,806
1396,806
1395,806
1394,806
1393,806
1392,806
1391,806
1390,806
1389,806
1388,806
1387,806
1386,806
1385,806
1384,806
1383,806
1382,806
1381,806
1380,806
1379,806
1378,806
1377,806
1376,806
1375,806
1374,806
1373,806
1372,806
1371,806
1370,806
1369,806
1368,806
1367,806
1366,806
1365,806
1364,806
1363,806
1362,806
1361,806
1360,806
1359,806
1358,806
1357,806
1356,806
1355,806
1354,806
1353,806
1352,806
1351,806
1350,806
1349,806
1348,806
1347,806
1346,806
1345,806
1344,806
1343,806
1342,806
1341,806
1340,806
1339,806
1338,806
1337,806
1336,806
1335,806
1334,806
1333,806
1332,806
1331,806
1330,806
1329,806
1328,806
1327,806
1326,806
1325,806
1324,806
1323,806
1322,806
1321,806
1320,806
1319,806
1318,806
1317,806
1316,806
1315,806
1314,806
1313,806
1312,806
1311,806
1310,806
1309,806
1308,806
1307,806
1306,806
1305,806
1304,806
1303,806
1302,806
1301,806
1300,806
1299,806
1298,806
1297,806
1296,806
1295,806
1294,806
1293,806
1292,806
1291,806
1290,806
1289,806
1288,806
1287,806
1286,806
1285,806
1284,806
1283,806
1282,806
1281,806
1280,806
1279,806
1278,806
1277,806
1276,806
1275,806
1274,806
1273,806
1272,806
1271,806
1270,806
1269,806
1268,806
1267,806
1266,806
1265,806
1264,806
1263,806
1262,806
1261,806
1260,806
1259,806
1258,806
1257,806
1256,806
1255,806
1254,806
1253,806
1252,806
1251,806
1250,806
1249,806
1248,806
1247,806
1246,806
1245,806
1244,806
1243,806
1242,806
1241,806
1240,806
1239,806
1238,806
1237,806
1236,806
1235,806
1234,806
1233,806
1232,806
1231,806
1230,806
1229,806
1228,806
1227,806
1226,806
1225,806
1224,806
1223,806
1222,806
1221,806
1220,806
1219,806
1218,806
1217,806
1216,806
1215,806
1214,806
1213,806
1212,806
1211,806
1210,806
1209,806
1208,806
1207,806
1206,806
1205,806
1204,806
1203,806
1202,806
1201,806
1200,806
1199,806
1198,806
1197,806
1196,806
1195,806
1194,806
1193,806
1192,806
1191,806
1190,806
1189,806
1188,806
1187,806
1186,806
1185,806
1184,806
1183,806
1182,806
1181,806
1180,806
1179,806
1178,806
1177,806
1176,806
1175,806
1174,806
1173,806
1172,806
1171,806
1170,806
1169,806
1168,806
1167,806
1166,806
1165,806
1164,806
1163,806
1162,806
1161,806
1160,806
1159,806
1158,806
1157,806
1156,806
1155,806
1154,806
1153,806
1152,806
1151,806
1150,806
1149,806
1148,806
1147,806
1146,806
1145,806
1144,806
1143,806
1142,806
1141,806
1140,806
1139,806
1138,806
1137,806
1136,806
1135,806
1134,806
1133,806
1132,806
1131,806
1130,806
1129,806
1128,806
1127,806
1126,806
1125,806
1124,806
1123,806
1122,806
1121,806
1120,806
1119,806
1118,806
1117,806
1116,806
1115,806
1114,806
1113,806
1112,806
1111,806
1110,806
1109,806
1108,806
1107,806
1106,806
1105,806
1104,806
1103,806
1102,806
1101,806
1100,806
1099,806
1098,806
1097,806
1096,806
1095,806
1094,806
1093,806
1092,806
1091,806
1090,806
1089,806
1088,806
1087,806
1086,806
1085,806
1084,806
1083,806
1082,806
1081,806
1080,806
1079,806
1078,806
1077,806
1076,806
1075,806
1074,806
1073,806
1072,806
1071,806
1070,806
1069,806
1068,806
1067,806
1066,806
1065,806
1064,806
1063,806
1062,806
1061,806
1060,806
1059,806
1058,806
1057,806
1056,806
1055,806
1054,806
1053,806
1052,806
1051,806
1050,806
1049,806
1048,806
1047,806
1046,806
1045,806
1044,806
1043,806
1042,806
1041,806
1040,806
1039,806
1038,806
1037,806
1036,806
1035,806
1034,806
1033,806
1032,806
1031,806
1030,806
1029,806
1028,806
1027,806
1026,806
1025,806
1024,806
1023,806
1022,806
1021,806
1020,806
1019,806
1018,806
1017,806
1016,806
1015,806
1014,806
1013,806
1012,806
1011,806
1010,806
1009,806
1008,806
1007,806
1006,806
1005,806
1004,806
1003,806
1002,806
1001,806
1000,806
999,806
998,806
997,806
996,806
995,806
994,806
993,806
992,806
991,806
990,806
989,806
988,806
987,806
986,806
985,806
984,806
983,806
982,806
981,806
980,806
979,806
978,806
977,806
976,806
975,806
974,806
973,806
972,806
971,806
970,806
969,806
968,806
967,806
966,806
965,806
964,806
963,806
962,806
961,806
960,806
959,806
958,806
957,806
956,806
955,806
954,806
953,806
952,806
951,806
950,806
949,806
948,806
947,806
946,806
945,806
944,806
943,806
942,806
941,806
940,806
939,806
938,806
937,806
936,806
935,806
934,806
933,806
932,806
931,806
930,806
929,806
928,806
927,806
926,806
925,806
924,806
923,806
922,806
921,806
920,806
919,806
918,806
917,806
916,806
915,806
914,806
913,806
912,806
911,806
910,806
909,806
908,806
907,806
906,806
905,806
904,806
903,806
902,806
901,806
900,806
899,806
898,806
897,806
896,806
895,806
894,806
893,806
892,806
891,806
890,806
889,806
888,806
887,806
886,806
885,806
884,806
883,806
882,806
881,806
880,806
879,806
878,806
877,806
876,806
875,806
874,806
873,806
872,806
871,806
870,806
869,806
868,806
867,806
866,806
865,806
864,806
863,806
862,806
861,806
860,806
859,806
858,806
857,806
856,806
855,806
854,806
853,806
852,806
851,806
850,806
849,806
848,806
847,806
846,806
845,806
844,806
843,806
842,806
841,806
840,806
839,806
838,806
837,806
836,806
835,806
834,806
833,806
832,806
831,806
830,806
829,806
828,806
827,806
826,806
825,806
824,806
823,806
822,806
821,806
820,806
819,806
818,806
817,806
816,806
815,806
814,806
813,806
812,806
811,806
810,806
809,806
808,806
807,806
806,806
805,806
804,806
803,806
802,806
801,806
800,806
799,806
798,806
797,806
796,806
795,806
794,806
793,806
792,806
791,806
790,806
789,806
788,806
787,806
786,806
785,806
784,806
783,806
782,806
781,806
780,806
780,807
779,807
778,807
777,807
776,807
775,807
774,807
773,807
772,807
771,807
770,807
769,807
768,807
767,807
766,807
765,807
764,807
763,807
762,807
761,807
760,807
759,807
758,807
757,807
756,807
755,807
754,807
753,807
752,807
751,807
750,807
749,807
748,807
747,807
746,807
745,807
744,807
743,807
742,807
741,807
740,807
739,807
738,807
737,807
736,807
735,807
734,807
733,807
732,807
731,807
730,807
729,807
728,807
727,807
726,807
725,807
724,807
723,807
722,807
721,807
720,807
719,807
718,807
717,807
716,807
715,807
714,807
713,807
712,807
711,807
710,807
709,807
708,807
707,807
706,807
705,807
704,807
703,807
702,807
701,807
700,807
699,807
698,807
697,807
696,807
695,807
694,807
693,807
692,807
691,807
690,807
689,807
688,807
687,807
686,807
685,807
684,807
683,807
682,807
681,807
680,807
679,807
678,807
677,807
676,807
675,807
674,807
673,807
672,807
671,807
670,807
669,807
668,807
667,807
666,807
665,807
664,807
663,807
662,807
661,807
660,807
659,807
658,807
657,807
656,807
655,807
654,807
653,807
652,807
651,807
650,807
649,807
648,807
647,807
646,807
645,807
644,807
643,807
642,807
641,807
640,807
639,807
638,807
637,807
636,807
635,807
634,807
633,807
632,807
631,807
630,807
629,807
628,807
627,807
626,807
625,807
624,807
623,807
622,807
621,807
620,807
619,807
618,807
617,807
616,807
615,807
614,807
613,807
612,807
611,807
610,807
609,807
608,807
607,807
606,807
605,807
604,807
603,807
602,807
601,807
600,807
599,807
598,807
597,807
596,807
595,807
594,807
593,807
592,807
591,807
590,807
589,807
588,807
587,807
586,807
585,807
584,807
583,807
582,807
581,807
580,807
579,807
578,807
577,807
576,807
575,807
574,807
573,807
572,807
571,807
570,807
569,807
568,807
567,807
566,807
565,807
564,807
563,807
562,807
561,807
560,807
559,807
558,807
557,807
556,807
555,807
554,807
553,807
552,807
551,807
550,807
549,807
548,807
547,807
546,807
545,807
544,807
543,807
542,807
541,807
540,807
539,807
538,807
537,807
536,807
535,807
534,807
533,807
532,807
531,807
530,807
529,807
528,807
527,807
526,807
525,807
524,807
523,807
522,807
521,807
520,807
519,807
518,807
517,807
516,807
515,807
514,807
513,807
512,807
511,807
510,807
509,807
508,807
507,807
506,807
505,807
504,807
503,807
502,807
501,807
500,807
499,807
498,807
497,807
496,807
495,807
494,807
493,807
492,807
491,807
490,807
489,807
488,807
487,807
486,807
485,807
484,807
483,807
482,807
481,807
480,807
479,807
478,807
477,807
476,807
475,807
474,807
473,807
472,807
471,807
470,807
469,807
468,807
467,807
466,807
465,807
464,807
463,807
462,807
461,807
460,807
459,807
458,807
457,807
456,807
455,807
454,807
453,807
452,807
451,807
450,807
449,807
448,807
447,807
446,807
445,807
444,807
443,807
442,807
441,807
440,807
439,807
438,807
437,807
436,807
435,807
434,807
433,807
432,807
431,807
430,807
429,807
428,807
427,807
426,807
425,807
424,807
423,807
422,807
421,807
420,807
419,807
418,807
417,807
416,807
415,807
414,807
413,807
412,807
411,807
410,807
409,807
408,807
407,807
406,807
405,807
404,807
403,807
402,807
401,807
400,807
399,807
398,807
397,807
396,807
395,807
394,807
393,807
392,807
391,807
390,807
389,807
388,807
387,807
386,807
385,807
384,807
383,807
382,807
381,807
380,807
379,807
378,807
377,807
376,807
375,807
374,807
373,807
372,807
371,807
370,807
369,807
368,807
367,807
366,807
365,807
364,807
363,807
362,807
361,807
360,807
359,807
358,807
357,807
356,807
355,807
354,807
353,807
352,807
351,807
350,807
349,807
348,807
347,807
346,807
345,807
344,807
343,807
342,807
341,807
340,807
339,807
338,807
337,807
336,807
335,807
334,807
333,807
332,807
331,807
330,807
329,807
328,807
327,807
326,807
325,807
324,807
323,807
322,807
321,807
320,807
319,807
318,807
318,808
318,809
318,810
318,811
318,812
318,813
318,814
318,815
318,816
318,817
318,818
318,819
318,820
318,821
318,822
318,823
318,824
318,825
318,826
318,827
318,828
318,829
318,830
318,831
318,832
318,833
318,834
318,835
318,836
318,837
318,838
318,839
318,840
318,841
318,842
318,843
318,844
318,845
318,846
318,847
318,848
318,849
318,850
318,851
318,852
318,853
318,854
318,855
318,856
318,857
318,858
318,859
318,860
318,861
318,862
318,863
318,864
318,865
318,866
317,866
317,867
317,868
316,868
315,868
314,868
314,869
313,869
313,870
313,871
313,872
313,873
313,874
313,875
313,876
313,877
313,878
313,879
313,880
313,881
313,882
313,883
313,884
313,885
313,886
313,887
313,888
313,889
313,890
313,891
313,892
313,893
313,894
313,895
313,896
313,897
313,898
313,899
313,900
313,901
313,902
313,903
313,904
313,905
313,906
313,907
313,908
313,909
313,910
313,911
313,912
313,913
313,914
313,915
313,916
313,917
313,918
313,919
313,920
313,921
313,922
313,923
313,924
313,925
313,926
313,927
313,928
313,929
313,930
313,931
313,932
313,933
